/*--------------------------------*- C++ -*----------------------------------*\
| =========                 |                                                 |
| \\      /  F ield         | OpenFOAM: The Open Source CFD Toolbox           |
|  \\    /   O peration     | Version:  v1912                                 |
|   \\  /    A nd           | Website:  www.openfoam.com                      |
|    \\/     M anipulation  |                                                 |
\*---------------------------------------------------------------------------*/
FoamFile
{
    version     2.0;
    format      ascii;
    class       labelList;
    note        "nPoints:2422  nCells:5941  nFaces:14133  nInternalFaces:11854";
    location    "constant/polyMesh";
    object      neighbour;
}
// * * * * * * * * * * * * * * * * * * * * * * * * * * * * * * * * * * * * * //


11854
(
1
20
170
3086
18
35
3954
18
19
208
2805
19
34
286
2808
33
34
209
3722
32
33
289
2896
31
32
210
2862
30
31
290
4103
29
30
211
4053
28
29
291
2933
27
28
212
2958
26
27
292
5858
25
26
213
5044
24
25
293
4230
23
24
214
4848
22
23
295
4822
21
22
215
4326
20
21
296
4309
3974
2758
3064
4331
2766
4850
3966
5420
5013
2678
2941
3349
4151
2671
2902
3730
2978
170
216
5821
38
171
220
4118
38
40
246
3854
585
3993
40
42
172
4303
378
5065
42
44
245
3845
379
2818
44
46
173
5418
381
3474
46
48
249
4005
383
3001
48
50
174
4234
385
4304
50
52
250
5129
387
4378
52
54
175
2645
389
4306
54
56
251
2332
391
5895
56
58
176
4096
393
5360
58
252
377
3689
395
4006
253
287
397
4451
178
221
287
2997
221
222
256
4990
179
222
223
4673
223
224
257
5913
180
224
225
4323
67
225
260
5483
67
181
227
5402
596
2334
70
227
261
5158
70
72
182
4772
617
3351
72
74
262
4088
400
3449
74
76
183
3128
401
3130
76
78
263
3368
403
5485
78
80
184
5242
405
2908
80
82
264
2528
407
4402
82
84
185
4665
409
3587
84
86
265
4752
411
4664
86
88
186
2395
413
2371
88
90
266
5805
415
4037
90
92
187
5350
417
5792
92
94
267
3297
419
3203
94
96
188
2359
421
3497
96
98
268
3945
423
4607
98
100
189
3798
425
3899
100
102
269
5725
427
2789
102
104
190
4481
429
4069
104
106
270
3345
431
5745
106
108
191
5101
433
4263
108
110
271
5475
435
3463
110
112
192
4055
437
4261
112
114
272
5193
439
4435
114
116
193
4045
441
5267
116
118
273
4637
443
2924
118
120
194
4050
445
2664
120
122
274
5078
447
4390
122
124
195
2911
449
2642
124
126
275
3950
451
4851
126
128
196
4231
453
5739
128
130
276
2560
455
4396
130
132
197
4399
457
3362
132
134
277
2388
459
4903
134
136
198
3915
461
5001
136
138
278
4111
463
4530
138
140
199
2296
465
5304
140
142
279
5391
467
5455
142
144
200
3011
469
2880
144
146
280
5887
471
5026
146
148
201
4739
473
3379
148
150
281
4067
475
4382
150
202
228
5585
477
5147
226
228
282
5684
203
226
229
2883
229
230
283
2564
156
204
230
5661
156
158
284
4054
603
4130
158
205
219
5729
483
5663
160
217
2139
3622
169
2174
3883
169
233
2173
2559
231
235
2159
3403
236
362
2161
4651
298
366
2163
2949
299
365
2165
5730
241
364
2167
5713
242
301
2169
3694
297
300
2171
4127
205
5636
207
2469
207
248
4781
244
368
5627
247
302
5476
303
370
3447
304
369
3201
305
361
5041
254
360
398
4468
255
307
4099
258
306
5900
259
309
4253
308
310
5352
311
371
5233
312
359
4867
313
358
5124
314
357
5240
315
356
2335
316
355
2659
317
354
4156
318
367
3840
319
363
3960
320
339
3440
321
340
3144
322
341
3468
323
342
4166
324
343
2341
325
344
3293
326
345
5311
327
346
3614
328
347
3324
329
348
4072
330
349
5051
331
350
5600
332
351
4612
333
352
2920
206
5285
284
487
2416
296
3237
216
285
5610
288
372
2498
334
375
4092
335
374
4913
336
373
3862
337
353
2768
294
338
4914
376
583
4743
220
5825
218
219
5033
297
2172
5928
677
4446
481
5917
584
5008
589
3196
590
3051
591
3321
592
2263
593
3919
597
5317
399
2277
480
5333
599
5666
232
600
2648
236
2160
2605
234
487
3920
235
2158
4195
486
4194
485
2588
362
366
2162
2798
298
365
2164
5724
299
364
2166
2694
241
242
2168
2370
632
2983
624
4456
300
301
2170
4500
245
498
5505
247
3790
248
368
5699
500
5416
495
3964
302
370
3997
303
369
2959
304
361
3055
305
360
2419
254
255
4826
816
2855
620
3116
306
307
4626
258
259
3450
645
5213
642
2833
308
309
4334
310
371
5307
311
359
3098
312
358
5921
313
357
2965
314
356
2546
315
355
5796
316
354
4198
317
367
3903
318
363
5510
319
339
5006
320
340
4232
321
341
4532
322
342
3994
323
343
2772
324
344
5741
325
345
3442
326
346
4395
327
347
4107
328
348
5514
329
349
5690
330
350
4144
331
351
3597
332
352
3183
333
4174
286
482
3251
288
5622
562
2353
586
5620
372
375
2779
334
374
5238
335
373
4703
336
353
2740
294
337
4229
609
3288
338
376
5880
583
2485
637
5935
606
4742
489
2701
491
5020
496
5407
494
2954
499
2816
504
4887
507
3301
511
2998
644
3143
515
5395
518
2910
516
5372
635
3102
521
5072
522
5084
525
5869
528
2615
532
4047
536
2948
540
3437
651
5816
545
3943
546
4343
547
3995
548
4169
549
4369
550
3354
551
3420
552
2540
553
5264
554
3008
555
5527
556
5909
557
5793
558
5926
560
5694
564
2385
569
3089
673
2796
578
5875
580
2841
653
3511
654
4175
650
2988
619
3402
614
3161
658
2497
659
2634
660
5754
661
4649
663
2575
664
3464
665
2592
667
5658
559
5820
575
5348
538
4669
533
2376
529
2630
526
2233
523
3983
641
5594
512
3487
508
4860
484
4832
652
5843
492
5726
490
4508
488
5102
543
5625
628
5216
505
2636
503
5059
520
3996
561
2397
572
5236
566
4094
563
3961
398
582
2810
380
670
4310
380
382
3686
885
5883
382
384
3473
704
4551
384
386
5841
705
2981
386
388
5339
707
5341
388
390
4387
709
4400
390
392
4308
711
4040
392
394
2719
713
3336
394
396
3546
715
3047
396
615
4008
717
3244
398
611
5644
3016
478
595
4428
402
616
2889
402
404
3655
719
4555
404
406
5301
727
4163
406
408
3346
729
4009
408
410
2853
731
5929
410
412
3276
733
5916
412
414
2904
735
3566
414
416
4346
737
4351
416
418
2299
739
4248
418
420
5802
741
5800
420
422
4349
743
3815
422
424
2806
745
2234
424
426
4356
747
3729
426
428
3616
749
5287
428
430
2305
751
3860
430
432
5743
753
5555
432
434
4212
755
2882
434
436
5050
757
4259
436
438
3507
759
4204
438
440
3598
761
3513
440
442
4778
763
4059
442
444
3029
765
2957
444
446
2986
767
5012
446
448
3553
769
4419
448
450
4392
771
5107
450
452
3227
773
4025
452
454
2972
775
2970
454
456
3260
777
3956
456
458
3013
779
4063
458
460
3559
781
3328
460
462
3556
783
3560
462
464
5201
785
2903
464
466
3741
787
5719
466
468
3154
789
5280
468
470
4890
791
3076
470
472
3785
793
4656
472
474
2675
795
2558
474
476
5911
797
4413
476
479
3623
799
5166
478
479
3462
896
2640
897
5822
594
622
5326
482
585
4492
587
2446
604
851
4044
542
656
3976
509
602
2840
601
612
4854
612
3814
537
541
2955
493
694
2681
510
607
5117
497
637
4436
493
608
2685
812
3221
502
631
3419
626
675
3410
497
625
5421
877
4437
501
544
4035
506
627
2627
501
502
3982
921
2824
906
2545
517
634
5394
513
639
5366
506
631
4524
801
3936
514
640
4509
509
510
4452
929
2852
894
5446
668
806
2994
513
514
3388
931
5237
918
4345
519
638
5396
517
638
5401
932
3526
519
643
2909
818
4372
567
588
5759
524
621
3236
527
530
4276
524
647
3984
723
2317
531
534
3489
527
621
5134
722
4246
535
648
2264
530
531
3552
948
4354
891
5246
539
576
5580
534
535
4113
953
4517
951
5185
537
577
2937
824
5685
539
648
5358
912
3731
541
542
3415
945
3382
956
4606
544
626
2463
804
4292
581
695
2635
692
696
3277
649
691
3253
618
655
3953
613
657
4433
629
688
5734
687
699
4043
686
698
5758
685
697
4561
684
690
5005
662
683
2729
682
700
3723
681
689
3949
666
680
4635
571
678
2784
568
573
2658
565
570
5584
611
669
5587
579
989
3087
565
574
2309
870
5231
567
568
3077
976
5075
979
2670
570
571
3283
973
5710
941
5704
573
574
3876
972
5628
997
5255
576
577
4477
1164
3213
999
4475
579
610
5259
892
3093
581
671
4473
855
4987
615
630
2813
675
2492
623
669
4627
670
3114
587
588
4024
1197
3150
1171
5751
623
636
5619
636
674
2854
672
674
2597
672
676
4962
594
595
5468
990
3732
984
5914
598
676
5915
598
679
4154
862
3541
605
622
4060
601
602
3169
703
4317
981
2436
604
605
4131
878
5780
939
5919
607
608
3365
889
2931
903
3977
610
701
5798
814
4278
630
5412
680
4172
614
803
4835
629
2249
967
2815
617
888
4855
679
4950
619
863
3010
657
3955
644
835
3069
724
2843
825
4738
865
3063
625
633
3673
900
4078
809
3036
628
910
2901
639
3193
924
3728
966
3026
821
2960
633
693
2611
914
4288
635
868
5068
647
4158
820
3702
677
5014
813
3422
817
2649
641
802
2993
925
4327
643
646
3332
927
4097
805
5606
646
668
5177
935
5045
822
5192
807
2270
650
866
5906
655
4197
656
671
4699
693
694
5217
692
695
4986
691
696
4780
834
4171
826
3085
852
5106
688
699
3364
687
698
5002
686
697
5757
685
690
2577
663
811
4146
684
5646
683
700
3202
682
689
2864
667
810
4843
681
5665
848
3867
721
4599
987
3536
857
5047
827
3182
678
701
3195
854
3020
989
4333
808
5624
851
5450
860
3291
871
4201
702
4180
873
5667
849
2457
844
5643
841
5615
971
5262
839
4208
838
2400
837
3394
720
4510
846
5575
970
5359
831
3434
830
5576
926
5546
815
5553
829
5194
828
5277
969
4478
963
5424
836
3249
842
3186
703
810
3180
982
4594
706
884
4153
706
708
4001
1145
3411
708
710
3197
1011
3760
710
712
4829
1012
5774
712
714
3424
1014
4479
714
716
3264
1016
4675
716
718
4222
1018
3972
718
886
5211
1020
5938
728
887
5024
850
874
4507
890
966
2814
726
949
4352
725
823
3659
725
726
4964
1189
5188
1275
2621
728
730
2298
1128
5036
730
732
4568
1027
4543
732
734
5482
1028
4566
734
736
2851
1030
4698
736
738
2716
1032
4572
738
740
2706
1034
3377
740
742
3611
1036
4014
742
744
5787
1038
5536
744
746
3039
1040
3697
746
748
3500
1042
5764
748
750
3132
1044
3042
750
752
3775
1046
5162
752
754
3216
1048
3510
754
756
3230
1050
5104
756
758
3607
1052
3357
758
760
2567
1054
4704
760
762
2412
1056
4765
762
764
5517
1058
3522
764
766
3863
1060
5189
766
768
3053
1062
3066
768
770
2888
1064
4265
770
772
2464
1066
2817
772
774
4790
1068
4504
774
776
2928
1070
4592
776
778
3234
1072
2466
778
780
5864
1074
4272
780
782
3885
1076
3226
782
784
2655
1078
2550
784
786
4185
1080
4270
786
788
4112
1082
3166
788
790
5111
1084
5098
790
792
5516
1086
4182
792
794
2534
1088
4920
794
796
4806
1090
4931
796
798
3238
1092
5007
798
800
4115
1094
5207
800
899
3547
1096
3417
995
996
2693
893
902
5042
853
961
4831
908
922
3096
806
879
3529
880
4979
911
952
5771
917
934
4322
908
1006
4520
875
4706
913
919
2728
905
1007
5335
819
1005
3749
843
1004
5254
832
856
2618
835
925
4411
933
1002
2430
819
928
4031
1177
3643
920
937
3181
943
995
3531
823
869
2749
1280
3692
944
1000
4837
940
991
3767
858
958
5479
907
934
2574
840
988
3821
833
986
5269
915
960
4810
832
833
5367
1389
4819
1254
3805
867
993
4170
883
4469
845
965
3250
946
962
5738
968
978
2472
840
1008
4471
1161
4631
847
913
3691
843
861
3289
1126
3407
845
919
3455
1148
4335
847
1003
4482
1151
3708
882
947
4587
850
965
2643
1158
4147
876
4438
853
864
4125
1159
4214
907
920
2881
856
859
4597
1154
2473
858
859
2408
1375
5659
1256
5670
861
942
4434
1172
4443
872
917
5907
864
993
2944
1168
3721
890
938
5848
867
994
4011
1155
2821
869
959
5132
1173
4817
974
998
5493
872
909
4489
1106
3454
874
875
4537
1243
4486
1519
4712
877
878
4458
901
4602
1133
5773
881
883
4995
881
882
4958
1206
3583
1186
4942
1231
4460
885
1101
5210
964
3145
977
1009
3131
888
1010
2776
909
2271
895
904
3523
1022
5551
950
954
2773
1004
1006
2538
1001
1025
4759
895
930
5634
1204
3539
898
985
3313
898
899
4615
1298
4609
1202
4997
901
916
4472
1134
2448
918
1098
3173
904
905
2620
1198
3459
1193
3879
923
943
3418
1100
2503
1127
4423
1111
5058
933
996
2899
912
1104
4386
1102
3649
1123
3475
915
916
4080
1265
5635
1370
2403
1023
2661
1116
5853
1117
4287
1109
3582
922
923
3898
1235
4152
1209
4494
946
961
3803
1001
5353
960
1007
4141
928
936
2344
1212
2328
930
983
2837
1215
5583
1002
1115
3912
959
1005
3122
1118
4162
1103
3279
936
947
2717
1219
3106
938
1214
3273
1220
4559
940
1135
5337
1223
4740
942
975
5253
1224
3290
1166
4936
945
1184
5715
957
4588
1120
2849
1141
4337
949
950
3935
1245
2963
1227
2870
952
955
3738
1237
2453
954
955
5806
1222
2290
1380
2873
957
958
4611
1287
5772
1187
5727
1226
4623
1208
4139
1114
5890
963
1108
5746
968
5748
987
1142
5609
1132
2799
1239
4013
977
1239
4394
1139
4847
978
1008
4213
986
994
4200
988
1003
5458
980
1124
4295
974
975
2241
1247
5393
1382
3567
1122
1174
4758
1157
4252
1137
3326
980
1174
3088
1248
4567
982
983
2512
1400
4422
1250
2519
985
992
2553
1165
5722
1167
4235
1197
5545
1130
3834
1006
3050
991
992
3269
1268
4846
1271
2918
1119
4603
1179
3404
1136
5105
1175
2891
998
1124
5149
1276
5205
1000
1182
3070
1278
3007
1453
5351
1110
2907
1026
3266
1125
4149
1024
3393
5939
1105
3726
1107
5755
1183
1395
5882
1112
1129
2267
1013
1146
3999
1013
1015
4767
1398
3853
1015
1017
4483
1288
4541
1017
1019
4671
1289
5672
1019
1021
4775
1290
3839
1021
1183
4242
1291
5856
1221
1261
4325
1185
1201
3740
1178
1266
3812
1099
1281
3304
1131
1152
3265
1029
1274
4036
1029
1031
5167
1435
2604
1031
1033
4965
1300
3938
1033
1035
2791
1301
5797
1035
1037
3372
1303
5707
1037
1039
5897
1305
4576
1039
1041
5343
1307
3605
1041
1043
3714
1309
2493
1043
1045
4000
1311
4041
1045
1047
5872
1313
5499
1047
1049
4293
1315
4857
1049
1051
4367
1317
2822
1051
1053
2724
1319
5777
1053
1055
2581
1321
3908
1055
1057
3902
1323
5286
1057
1059
4745
1325
5808
1059
1061
3586
1326
3737
1061
1063
4725
1328
3613
1063
1065
4788
1330
5518
1065
1067
3858
1332
3212
1067
1069
3443
1334
5299
1069
1071
4595
1336
4726
1071
1073
4583
1338
3414
1073
1075
3235
1340
2225
1075
1077
3228
1342
5891
1077
1079
5812
1344
3389
1079
1081
5387
1346
5532
1081
1083
5198
1348
3395
1083
1085
4805
1350
4808
1085
1087
3068
1352
2268
1087
1089
5257
1354
3619
1089
1091
4480
1356
4800
1091
1093
5423
1358
4871
1093
1095
4633
1360
4459
1095
1097
5760
1362
4593
1097
1203
3242
1364
4238
1099
1190
3599
1366
3606
1188
1195
3888
1143
1147
4220
1164
1200
2389
1188
1201
3330
1238
1260
3350
1194
1258
2312
1113
1185
3065
1138
1162
2367
1121
1207
4573
1196
1214
5384
1211
1252
3207
1112
1113
5060
1632
3970
1541
3558
1160
1213
4895
1116
1253
4747
1190
4750
1149
1230
4280
1176
1211
4283
1156
1169
4655
1121
1213
2361
1387
4716
1144
1171
5885
1153
1230
3358
1232
4003
1126
1127
4301
1192
2871
1233
3408
1129
1274
3129
1408
2310
1131
1163
3763
1390
4791
1150
1236
3918
1134
1135
3272
1372
4077
1640
4894
1191
1259
4522
1138
1140
5268
1391
3278
1140
1207
5386
1392
5430
1240
1241
3005
1143
1144
4311
1394
2964
1229
3551
1146
1147
4546
1461
2281
1551
4363
1149
1150
4792
1472
4793
1480
5908
1152
1153
5621
1508
5629
1492
3477
1257
1415
4771
1156
1181
2583
1403
4058
1218
1406
3851
1236
1244
3711
1160
1170
4838
1401
5023
1162
1163
4785
1503
3285
1533
4917
1182
5776
1273
1411
3309
1210
1259
3934
1180
1255
2363
1169
1170
4461
1521
3699
1516
5055
1197
5884
1192
1225
4294
1269
1282
4815
1229
3071
1176
1191
2877
1430
4165
1178
1217
3495
1439
4476
1180
1181
2856
1451
5357
1559
5811
1263
4840
1384
5896
1279
1286
2275
1292
3505
1240
1368
5142
1284
1294
3856
1295
2961
1283
1296
5668
1297
3672
1374
3469
1234
4002
1194
1199
5119
1464
3248
1196
1450
3877
1466
3773
4299
1199
1205
4087
1530
4126
1260
1262
3662
1367
3846
1203
1425
3387
1473
3479
1205
1216
3465
1475
3461
1242
1368
3072
1369
3631
1258
1264
5173
1210
1483
4933
1469
4279
1412
3148
1217
1376
2307
1373
2253
1378
5550
1216
1251
3460
1489
3282
1299
3927
1261
1377
3687
1241
1376
4157
1221
1495
4313
1377
4802
1228
1379
2942
1267
1496
4858
1225
1383
4533
1484
4927
1266
1269
5305
1228
1246
3717
1468
5187
1285
4654
1429
2726
1242
1453
3316
1249
1386
3880
1234
1235
4811
1501
4291
1483
4221
1409
3640
1238
1491
5564
1505
3112
1261
4672
1405
4938
1293
3323
1459
4982
1244
1396
4466
1399
4891
1246
1270
5334
1522
4861
1277
1404
3094
1249
1285
4863
1511
4864
1251
1400
5817
1690
5814
1253
1538
3627
1539
3600
1255
1419
4768
1543
4244
1257
1633
5048
1545
5053
1385
5081
1433
5327
1414
5239
3636
1263
1499
2384
1487
4341
1265
1510
4061
1371
2330
1397
4719
1268
1563
3458
1272
4542
1456
3341
1275
1381
3548
1272
1273
3652
1648
3348
1485
4455
1427
4207
1296
4660
1277
1386
4813
1547
5415
1279
1487
2995
1558
4038
1282
1283
5682
1413
1438
3608
1440
5135
1407
5092
1375
1426
4702
1394
4932
1287
1528
4873
1294
5720
1443
1515
4974
1444
1515
5688
1444
1445
2563
1445
1446
4940
1463
1557
4380
1476
1527
2411
1447
5165
1442
1449
5062
1416
3003
1452
1539
3663
1411
1425
4558
1457
1462
3892
1302
1436
3937
1302
1304
4733
1752
5096
1304
1306
5538
1574
2672
1306
1308
5438
1575
4707
1308
1310
5183
1577
2718
1310
1312
2293
1579
5548
1312
1314
4106
1581
4251
1314
1316
2390
1583
2825
1316
1318
4856
1584
3504
1318
1320
3931
1586
4754
1320
1322
4199
1588
2571
1322
1324
3909
1590
3630
1324
1325
4727
1591
4993
1327
4714
1327
1329
3590
1814
4736
1329
1331
3519
1593
3661
1331
1333
3284
1594
5648
1333
1335
5886
1596
3240
1335
1337
3137
1598
5302
1337
1339
5292
1600
5309
1339
1341
3514
1602
4934
1341
1343
2231
1604
2230
1343
1345
5807
1606
3990
1345
1347
5809
1608
5779
1347
1349
5531
1610
2434
1349
1351
4584
1612
5011
1351
1353
5526
1614
5530
1353
1355
3632
1616
5557
1355
1357
5070
1618
5200
1357
1359
4918
1620
3160
1359
1361
5204
1622
4801
1361
1363
4581
1624
3784
1363
1365
3518
1626
3521
1365
1474
4216
1627
2668
1438
1452
4638
1442
1463
4749
1628
5603
1388
1478
5035
1371
1372
5578
1555
2610
1640
3184
1402
1471
3828
1431
1479
3795
1633
3844
1434
3969
1423
5602
1467
1494
5403
1380
1554
4735
1491
5537
1418
1523
3830
1383
1404
4928
1634
4191
1421
1446
5931
1465
1509
4853
1500
4957
1388
1471
3910
1740
3342
1415
1419
3595
1507
1534
3940
1393
1502
4064
1393
1478
3561
1653
2785
1655
4652
1406
1420
3146
1659
1686
5660
1455
1518
2426
1443
1454
2272
1410
1535
3842
1519
5819
1402
1517
4859
1665
5110
1520
1561
2551
1525
4937
1497
1526
3799
1423
5371
1417
1441
4691
1428
1662
5168
1410
1482
3838
1675
3720
1422
2732
1432
1537
2639
1458
1542
5613
1498
1506
4039
1424
4807
1417
1418
3941
1775
3209
1777
5470
1647
5443
1421
1488
3119
1652
3478
1486
1513
5696
1646
4967
1546
1661
5221
1514
5671
1448
1724
4679
1428
1437
3295
1668
4925
1493
1504
3194
1431
1432
2345
1780
5039
1701
4889
1470
1479
4536
1457
1477
2405
1436
1437
4941
1783
4425
1736
3256
1549
4769
1462
1518
4804
1441
1460
3932
1677
5472
1564
5464
1674
4976
1660
2278
1630
3302
1679
4798
1448
1529
3850
1799
4596
1450
1718
3701
1699
3724
1544
1560
5714
1565
2725
1458
3750
1461
1776
4502
1456
1570
4513
1460
2530
1683
3926
1459
2885
1988
3245
1730
3693
1673
2273
1643
2704
1678
5389
1465
1532
2644
1568
4970
1467
1733
3835
1707
4315
1524
1553
3124
1470
1672
3467
1705
5500
1566
5157
1481
1504
4796
1474
1712
4286
1708
4010
1490
1531
2324
1477
1847
4319
1806
2651
1684
3378
1657
3676
1481
1482
2284
1723
4658
1849
2507
1645
4961
1501
1636
5480
1486
1650
2532
1710
3501
1641
4907
1631
1646
4081
1490
1536
5581
1694
3022
1571
2710
1493
1748
3476
1727
2536
1495
1762
4022
1729
3770
1555
1640
4409
1628
1637
4089
1499
1734
5243
1641
3651
1512
1644
4647
1645
4960
1503
1739
4447
1719
4580
1629
2625
1506
1573
3817
1745
5769
1508
1793
3258
1748
5618
1510
1567
4290
1556
3298
1512
1655
2458
1688
4732
1514
1697
5833
1712
2484
1680
5498
1517
1758
5052
1753
4393
1651
4371
1686
4164
1521
1785
2826
1758
5451
1523
1524
3570
1772
4427
1760
2608
1548
1635
3538
1527
1639
3577
1874
2239
1529
1552
2769
1987
5654
1531
1532
2352
1735
2360
1860
2297
1534
1719
4388
1714
2669
1654
1659
5133
1690
1691
3571
1538
1726
3188
1765
3484
1540
4340
1695
1765
3483
1557
1664
2490
1550
1988
3074
1544
1647
4812
1984
5116
1546
1791
3061
1880
4803
1548
1644
4642
1770
3192
1550
1725
5686
1638
4944
1663
1673
3745
1558
1658
5803
1554
1698
2631
1572
5534
1556
2447
1562
5940
1656
4620
1642
4046
1560
1561
2422
1781
2300
1893
2265
1563
1569
5354
1649
3267
1717
1764
3743
1695
1725
5256
1666
1766
5154
1568
1569
2562
1923
5465
1957
5789
1700
1763
3105
1572
1573
5346
1798
3151
1924
4042
1576
1751
4657
1576
1578
2500
1807
2439
1578
1580
2398
1808
2482
1580
1582
5642
1810
2236
1582
1583
5329
1812
4763
1585
4899
1585
1587
4692
1927
4897
1587
1589
3045
2013
5436
1589
1590
4577
1928
3139
1592
5442
1592
1703
5004
1930
4364
1595
1814
4239
1595
1597
5647
1955
4999
1597
1599
3239
1815
2424
1599
1601
5191
1816
5854
1601
1603
4528
1818
3211
1603
1605
4935
1820
5296
1605
1607
2321
1822
5427
1607
1609
3991
1824
4668
1609
1611
4385
1826
5761
1611
1613
3428
1828
2261
1613
1615
5010
1830
5523
1615
1617
5447
1832
3059
1617
1619
5561
1834
3210
1619
1621
2442
1836
5496
1621
1623
5196
1838
5653
1623
1625
5513
1840
3948
1625
1702
4943
1842
4939
1702
1704
2782
1704
1709
4777
1988
4971
1713
1728
3890
1722
1744
3859
1715
1732
4062
1662
1664
2489
1724
3472
1635
1636
4128
1768
5775
1671
4117
1638
1639
4954
1965
5150
1959
5113
4339
1642
4124
1868
2518
1696
1720
2676
1788
4429
1670
5431
1729
5598
1661
3833
1649
1650
4227
1966
4893
1962
5195
1700
1720
3564
1716
1741
5596
1685
1738
3432
1676
1693
5664
1663
2455
1682
1747
5308
1706
1796
3674
1750
1875
5318
1691
3777
1744
1755
4236
1756
5224
1667
2491
1687
4624
1681
4723
1666
1754
5087
1945
5029
1669
1759
5145
1669
1737
5184
1865
2302
1671
1672
4129
1769
5209
1939
5847
1689
5865
1757
1767
4173
1676
1883
3719
1852
3832
1743
1774
3205
1747
1764
5385
1721
1742
4370
1755
1757
5697
1682
1759
4549
1982
4625
1696
1876
2452
1685
1782
4442
1953
3155
1690
3588
1688
1689
5543
1786
2698
1749
5765
5338
1692
3574
1693
1694
2586
1871
5114
1735
2437
1851
5061
1878
2666
1711
1800
5829
1761
1797
5871
1733
1919
5340
1803
4516
1789
1867
4888
1805
4414
1814
2011
4202
1892
4876
1706
1938
4155
1934
4470
1762
1948
2517
1709
1937
3992
1932
5785
1711
1963
2754
1941
4467
1801
5146
1723
1870
4643
1792
1857
5460
1716
1944
5109
1989
3320
1718
2028
4183
2015
2971
1855
2786
1863
3563
1722
2113
2394
1949
5788
1848
2254
1791
4757
2001
3361
1789
1853
2387
1728
1886
3675
1951
3544
1731
2226
1743
1763
2812
1732
1802
4441
1954
5471
1850
5409
1746
1858
5702
1859
4497
1737
1784
3604
1915
5190
1739
2053
3911
1856
2874
1766
1782
5122
1742
1990
4016
1961
5076
1887
4091
1854
5933
1746
1926
5770
2048
3508
1862
4755
1884
4992
1787
1790
5502
1866
1868
4722
1752
1971
5261
1794
3634
1754
1896
4922
2050
5315
1897
4666
1872
1882
4608
1873
2276
1894
2245
1983
4281
1761
1773
5867
1985
4641
1802
3572
1845
5263
1846
5169
1898
3485
1995
2734
1776
1879
3669
1769
1771
4948
1991
4143
1771
1922
4869
1992
4424
1773
1779
4818
1993
5509
1775
2000
5677
1778
5818
1790
5414
1778
1779
2304
2058
2576
1996
3591
1796
1867
4947
1891
1984
3006
2006
4784
1784
1794
3704
1999
3562
1869
1895
4845
1787
1788
3793
2068
2460
1922
3322
1861
5225
1804
5855
1795
5549
1793
2033
4273
1885
3255
1890
3706
1864
1881
5250
1877
5279
1798
1958
5687
1925
5893
1864
1987
4585
1801
1917
4896
1937
4773
2063
5474
1918
1956
3871
1920
2007
5766
1843
1921
5234
1876
1899
2647
1809
1970
4728
1809
1811
4518
1981
4521
1811
1813
5433
2036
5540
1813
2010
4823
2129
4420
4217
1817
2018
4708
1817
1819
5139
2077
3229
1819
1821
2488
2054
4662
1821
1823
3512
2103
3907
1823
1825
5484
2019
3466
1825
1827
5560
2131
4159
1827
1829
2450
2078
3710
1829
1831
4598
2096
4570
1831
1833
5525
2097
4562
1833
1835
4998
2091
4264
1835
1837
5486
2016
5400
1837
1839
2292
2090
3629
1839
1841
3951
2083
2771
1841
1844
5723
2081
5706
1843
1844
2679
2137
4148
2080
2487
1918
1952
3671
1935
2017
4734
1900
1936
5373
1849
1903
2832
1883
4646
1947
2022
5252
1950
2002
2336
1889
1975
3755
1986
2039
4511
2038
2121
5215
1856
1857
2778
2076
2783
2051
2256
1868
1902
5049
1860
1871
5251
1923
2311
1908
2039
4189
1935
1960
5331
1946
1956
3534
1967
4375
1914
1968
5783
1931
2046
5245
1906
2775
4474
1893
1909
5489
1972
1974
5356
1975
5115
1905
1984
5566
1879
2095
4898
1910
1936
4353
1980
1987
3376
1911
3257
1907
1979
3648
1913
1946
4285
1920
5503
1881
1882
4783
2117
4398
2047
5558
1888
4640
1885
1886
4282
2094
3254
2099
4377
1916
1952
3292
1889
1904
3921
2061
4553
1994
1997
3705
1893
2062
3679
1921
1933
3923
2653
1895
1896
3696
1964
5440
2065
5313
2067
2121
4275
1950
1986
3532
1901
1912
2665
1901
1978
3108
2064
3647
1931
2127
3776
1904
1943
3855
2021
3052
2077
2118
3766
1907
1908
3808
2095
2435
2067
3425
2054
2103
2737
1969
1973
3781
1912
1913
4966
2120
2283
2017
4852
1915
1916
4774
2055
4084
2000
2303
1942
2042
5054
2004
4188
2008
2015
5932
1979
4225
2034
5824
2068
3944
2009
5466
1925
1926
2619
2037
2763
2087
3431
2010
2056
5541
1929
2059
4582
1930
2136
4968
2012
4366
2109
3864
1933
2105
4591
2093
5270
1940
1979
5226
1946
2709
1976
2892
2052
2929
1939
1940
3079
1991
4563
2020
4870
1942
2021
4600
1943
4073
1972
4554
1954
2031
2707
2030
2032
3554
2712
1948
2014
4406
2043
3703
2038
2108
4946
2108
3626
1974
2093
3683
1968
3678
2040
2060
2723
2041
2386
2011
2018
3816
1960
2804
1966
2009
4618
1981
2035
4525
1973
2128
5138
1982
2689
2113
2114
5342
1963
2044
4892
2029
3496
2019
2084
4491
2003
2104
3727
2044
4023
1980
2045
5657
1983
4314
1977
2026
3783
1971
2049
5535
1994
5121
2042
2638
2071
5320
2105
4218
2024
3870
1977
1978
5740
2138
4324
2116
3768
5214
2046
4488
1985
4578
2004
4621
2004
5325
5519
2049
4952
2038
4919
5656
3801
1990
2102
4676
2123
5086
1992
2696
2020
4140
2005
2049
2777
2005
2252
2030
2057
5249
1998
2005
5275
1998
1999
3905
2058
2844
2055
3360
2066
5547
2002
2003
4177
2114
4746
2125
5071
2985
4431
2057
2060
4787
2020
2068
4534
2022
2023
5410
2024
2549
2025
3499
2012
4359
2101
5298
2056
2059
5728
2026
2092
5017
2027
4715
2088
2090
4247
2028
4529
2135
3441
2103
3515
5763
2029
2759
2092
3481
2064
2116
2845
2069
2690
2085
2133
5312
2070
2828
2064
2120
4700
2120
2515
2061
5674
2100
3533
2102
2110
4862
2050
2073
2468
2075
2132
4176
2094
2099
4605
2036
2037
3841
2089
4544
2087
3187
4916
2121
5227
2053
2086
5844
2107
2111
5590
2052
2520
2063
2072
5398
2069
3924
2117
2134
3829
2098
3516
2117
2118
4405
2119
2127
4834
2731
2065
2811
2074
2075
5097
2105
3780
2076
4833
2062
5136
2066
3046
2133
2368
2106
5459
2066
3206
2124
3930
2088
5712
2069
2703
2077
5813
2107
2890
3164
2084
3646
5408
2095
5934
5481
5781
2071
2072
5330
2126
2846
2115
2541
2078
2096
3928
2076
2082
3287
2079
5235
2475
2752
2131
4102
2080
2081
2684
2137
2269
2082
4179
2083
5449
2086
2770
2131
3525
2127
2129
4432
2090
5405
2119
2847
2091
5032
2119
2129
3906
3620
2106
2603
2138
2819
2099
2839
2132
3782
4418
2100
4564
2100
2106
4908
2134
2136
2733
5303
2663
2134
2135
5293
2122
2793
3869
2112
2122
5750
3162
5491
2115
4453
2113
3831
2124
2133
3609
2111
2112
2913
2130
4116
2128
3753
4953
2123
4741
2130
3030
2138
2323
3787
2135
5542
2857
5079
5241
2125
4849
2125
5680
2136
3217
5321
2128
2130
2713
5289
5324
4250
2708
2688
2137
4797
5310
3344
5370
4574
5428
3232
2157
2174
3822
2173
2174
2175
4865
2158
2173
2176
4868
2158
2159
2178
5733
2159
2160
2179
3048
2160
2161
2181
5736
2161
2162
2182
4639
2162
2163
2184
2922
2163
2164
2186
2687
2149
2164
2188
2934
2165
2189
3978
2165
2166
2191
2409
2166
2167
2192
2940
2167
2168
2193
5568
2168
2169
2195
3315
2169
2170
2197
5175
2170
2171
2198
3549
2171
2172
2200
3400
2172
2202
5586
2369
2912
2925
2863
3601
5554
5355
5031
4085
5570
3779
5589
4056
2987
4032
5922
2289
2177
2203
2850
2177
2178
3624
2216
2842
2180
3369
2180
2183
2692
2217
3653
2182
2183
2950
2185
3374
2206
2699
2185
2187
3592
2205
4653
2187
2188
5300
2207
3535
2190
3175
2190
2191
3370
2208
3171
2194
4033
2193
2194
3127
2196
3135
2210
3149
2196
2199
5473
2211
5123
2198
2199
3429
2201
5218
2213
3017
2201
2202
3813
2214
5021
2203
3677
2204
2859
2214
2218
5597
2206
2209
3804
2219
2865
2208
2209
3593
2212
4644
2220
3644
2211
2212
3138
2215
5593
2222
4138
2214
2215
5164
2580
2221
5452
2217
2218
3820
2219
5345
2221
4093
2220
5344
2222
2979
2222
2495
4648
4052
4360
4374
4988
2724
3359
3908
3913
2231
3235
4583
3134
4441
5598
2327
5057
5410
5932
5037
5121
5261
5494
2697
3662
4258
5239
2231
2321
3514
3985
3143
4626
5601
5866
3716
5134
5921
2806
3500
4349
2237
2238
3521
4581
2393
5433
5642
4556
4593
4633
4219
4414
5826
3009
4353
5163
3078
3430
4331
2682
3567
5393
2246
2257
2971
3904
4755
5232
5385
5390
2471
3502
3904
5066
3696
5052
5451
2250
2266
5062
2287
4690
5463
5626
3558
4190
4825
5060
3161
3728
4835
2961
2967
4874
3058
5153
5161
5705
4431
5038
5121
2361
2579
3828
2832
4643
4658
2509
2748
3664
3690
2738
5097
5460
2969
3224
3502
2600
3097
3127
5570
2274
5033
5795
5928
2420
3785
3824
4656
3428
4385
4598
2306
4884
5063
5923
4323
4962
5483
2270
2615
5185
2551
2594
2653
2476
3904
5464
2776
3970
5174
3068
3632
3916
2487
2684
5515
3125
5771
2776
4855
5058
3853
4502
4976
2281
4463
5870
3622
3645
5018
4038
4873
5715
4898
4975
5697
3809
4428
5684
2563
4236
4969
2383
2417
4302
4336
2561
2646
2732
3309
3999
4546
2542
4974
4975
4976
2287
2461
5079
2507
3494
4658
2306
2462
3502
3707
2288
3031
3937
4425
2665
5693
2516
2527
4628
2860
3637
4865
2773
5495
5806
2524
2979
3397
4648
2771
5365
5496
2493
3509
4251
2525
2817
2888
4991
3797
3887
4317
4594
2879
3324
5455
2311
2352
2644
4163
4543
5030
4037
4248
5782
2422
3006
5714
2308
3215
5302
5886
3688
5184
5783
3292
4774
5547
2379
2576
5470
2789
3860
5555
4027
5626
2328
2999
5565
3858
4991
5112
2385
5231
5248
3129
5168
5174
5251
5466
3248
3726
5081
2780
2807
3249
3723
2508
4915
5171
5457
2892
3576
5163
5373
2682
3283
4412
5704
3659
3984
5784
2344
2346
3310
3343
2338
3002
5565
5611
2807
2917
3325
5219
4668
5427
2534
3233
4206
4931
2845
3232
3768
2360
3022
3185
2980
4412
5082
5838
2632
3406
3917
5717
2845
3164
3576
2344
4030
2418
3363
3765
4007
2610
4061
5635
3329
3483
3656
5061
3055
3281
5360
2514
2792
5182
5511
4756
5483
5915
2395
2599
4110
3656
4776
5061
2340
4241
4717
5815
2346
3843
4632
2568
2967
4688
4874
2823
3405
3742
2911
3402
4369
2346
2833
3343
4632
3786
3823
4108
5176
4097
4165
4889
5039
3453
2513
2656
4027
5626
2475
2738
3287
3327
2506
3875
5834
5838
2752
3766
4360
5046
4076
5115
5669
5676
2360
3174
2997
3451
5587
3420
4448
4905
5311
4186
4601
5022
5732
2469
3092
3237
5441
2387
2624
4511
4753
2480
3069
4469
5623
3497
4156
4607
4497
2849
4716
2984
3149
4028
4033
4235
4244
5290
2495
3421
3778
4093
2508
4114
4186
5930
4347
4355
5374
5649
3278
3285
5755
5310
5541
5767
2894
4136
5733
2935
2983
4456
2395
2514
4346
2501
2523
3421
5930
3243
3889
4697
5419
4151
4695
4816
2995
4038
4049
4839
2546
4110
4113
3021
3063
3452
5619
3636
4325
5422
5637
3591
4426
5662
3288
5260
5744
5798
2640
3462
3874
5675
2383
3087
3093
3886
3050
5939
3651
3662
4341
4703
4913
4445
5471
5695
3188
3573
4395
4903
5001
3649
3662
5776
2825
3504
5499
2993
3110
3581
4416
2425
2492
4120
4333
2398
2872
5332
4370
4953
5788
4037
3506
3541
3971
4756
3862
4703
5584
2482
2718
3509
4256
4763
5642
2472
4043
5002
2410
2415
4984
5369
2623
3603
4729
5364
4080
4472
5578
2599
4110
4119
4713
2410
2415
3969
4450
4670
5363
5701
3334
3837
5108
5801
5047
5659
5670
4033
4085
5031
3925
4590
3323
4319
5163
3568
4204
4765
3144
4237
4269
4343
2743
2745
4175
4532
2513
2651
3814
5285
5731
3075
3819
4539
3131
5211
5683
3689
5376
5377
2880
3806
5391
2922
3537
3601
5569
2594
5811
2673
4137
4742
5724
3239
4708
5647
3087
3893
3961
4371
4513
4719
2683
5123
5593
5877
2727
2802
3974
2980
3865
4122
5056
2649
4162
4233
2552
5282
5316
5533
2673
2751
5456
5569
2441
2451
4879
5099
3428
5529
5809
3808
4418
5272
2840
3169
3797
2586
3022
4497
3609
5310
5767
5799
2465
4657
4728
2878
3312
4071
5288
2449
2452
5266
2443
5200
5718
2444
3367
5496
3406
5556
5563
3000
3085
3090
3976
3150
3981
4492
4090
4409
5940
4077
4472
4602
2454
3926
5099
3710
4570
5761
2452
3257
4590
3926
3738
5564
5771
3892
3895
5266
2458
4652
4956
3261
3520
3589
5522
2643
2864
3723
4732
4864
2970
3227
3681
4464
3793
5481
5502
4875
4966
5693
3843
5066
5611
3036
4292
5625
2817
4419
4504
2500
5374
5454
2928
3235
4464
2624
2641
3922
4233
2811
3928
5905
3086
5821
2764
2874
3911
5846
2515
3752
5079
3665
4065
2618
4586
4771
2477
3285
4580
4911
2783
5846
3638
4874
5066
4906
5100
5492
2722
3292
3678
5435
3339
3665
4531
5094
4362
4415
5161
2706
4014
5448
5511
2500
4518
4006
4007
4096
5377
5146
5671
5833
2492
3237
4297
2734
3353
3621
5122
3670
5723
3211
3220
3907
2491
3970
4825
3558
4620
4723
4224
5145
4743
3714
5343
3789
5206
5248
5838
2966
4648
3386
3594
4217
4736
3364
3442
5311
3718
3996
5620
2755
3092
4694
5889
4707
2921
4878
5284
2510
3179
3897
4589
3888
4338
4683
3040
3500
5512
5764
3142
4024
4384
5751
3073
4104
4762
3882
4646
2523
3645
2510
2536
3675
2511
3664
3544
3897
5212
2519
3797
4422
3157
5369
4110
4752
4183
4529
3938
3988
5167
3703
4315
5425
4049
4124
4474
2837
5817
2555
2638
5054
2529
3356
4630
4926
3341
4284
4766
5305
2614
3778
2751
4881
5284
2986
4419
4794
2531
2820
4744
5801
3356
3715
3716
2965
3375
4402
3123
4628
5180
3341
3693
4766
3158
3338
3788
2539
2646
4455
2784
4412
5744
5820
3076
4920
2672
3827
4733
5868
3194
3476
2833
3333
3450
3453
3093
4149
5939
2650
3929
5195
2660
4107
5758
3030
5330
5398
4541
4767
4904
2561
2848
3163
5469
4222
5801
5901
5938
3418
3419
3982
4752
5869
3015
3060
5705
5828
2557
2714
5347
5448
4076
4618
5466
2655
5387
5528
2826
4058
3906
4250
5873
2918
5722
5914
3074
3082
5613
5678
3780
3810
5426
2566
2572
4131
5780
2872
3603
5874
2675
3238
3785
3920
4193
4866
3362
3442
4396
3313
5722
4290
5465
5789
3839
4379
3183
5641
5691
2678
3967
5019
4894
5337
5577
2886
4259
4765
2574
3223
3279
3946
4356
5287
5319
4243
5562
5861
3931
4199
4577
4054
5155
5663
3246
4622
5432
5599
3182
4683
5051
5646
5689
3206
5818
4649
4661
5262
2582
3588
4710
5660
3585
3848
4895
3825
5021
5597
3357
3908
5286
3574
3777
5669
2821
4058
5571
3274
5338
5814
5815
2774
3823
4368
4397
3574
5114
3158
4161
4275
5241
2605
2840
4651
3267
3868
4538
4893
2674
2823
4057
5155
3754
4930
5569
5692
2593
2864
3597
2705
3034
4612
4667
5571
2596
3224
4338
4683
2597
3020
4682
3182
3321
5046
5116
5290
5714
2615
5539
2629
2683
4882
2918
3035
3269
5156
2605
4444
5559
5927
2900
4264
4307
4036
4628
5167
2648
2893
2988
3994
4794
3642
4074
4550
5827
3115
3124
5867
2613
2919
5027
5631
4090
5578
2613
4288
5576
4669
5282
5655
5796
2983
3680
3397
5284
5457
5794
2639
3573
4885
4889
4168
4243
4786
4819
5553
2763
3431
4042
2637
3459
3879
4660
4964
5437
3690
3782
4605
5826
3509
3605
5343
3573
4161
3179
3890
4796
4293
4857
5319
5778
2816
2952
3936
3542
3550
4680
5093
2866
2983
5713
2962
3552
5240
3124
5534
5871
2903
3625
5201
3156
3427
4231
5739
3614
4395
5002
3943
4987
5507
3447
3998
4524
3977
4540
4687
4554
5356
3148
3188
3163
3313
2649
2827
5366
2911
3227
5078
2807
3325
3796
4970
2876
3201
4306
2650
3501
2651
2665
4984
3169
5925
3193
5469
5673
2656
2791
3827
4705
5797
4667
5489
2737
3220
4667
5136
3328
4270
4319
5463
3520
3848
4994
5735
2670
5628
5694
4047
4669
5350
2947
3614
5716
3740
4322
5907
3498
3641
5677
5818
3533
3712
4908
3553
4050
4794
5463
2676
4285
5266
3454
3506
3527
3971
3518
4216
4777
3975
4388
5460
3077
4082
2862
4604
4610
4657
5538
4799
5265
3811
4316
5731
4413
5026
2704
3563
2987
2989
3549
4029
2958
5859
3670
4148
4939
3075
3964
4332
4781
2686
3221
5546
5206
5710
2935
3097
4179
5235
3221
3977
4137
2701
2702
4137
5118
5300
5355
3525
4159
4300
2804
4407
4621
3870
4617
5781
3494
4547
4793
4796
2699
3048
4135
3936
5105
5125
2701
5721
5843
4870
5226
5857
5863
4140
4563
5501
3204
4039
5243
4619
5478
5543
2739
5582
3025
3408
3849
4811
5730
5217
5631
5843
4553
5674
5781
3892
4804
3262
3919
5684
3377
4351
4862
5109
5695
2713
3030
4116
2712
5232
5331
5346
5537
5564
3014
3032
5716
5717
3534
4285
2846
5324
4576
5438
5645
3595
5181
5443
5504
3377
3566
4572
3106
4337
5045
2872
5438
2914
3336
5895
2764
3339
3900
4911
3670
3948
4108
5513
3688
4314
5783
3155
5712
5844
5104
5777
3663
4638
5256
3194
3358
4280
3962
5444
3475
4146
4287
4146
5025
5527
2758
2790
2805
3962
2861
4262
4952
4557
5696
3516
3517
4574
5154
5249
4342
4585
4634
5656
2974
3427
3520
5528
3869
5489
2778
5492
2746
2865
3037
3089
3986
4462
3787
4361
4405
5607
2746
2753
3615
4135
2750
4045
5267
3466
4495
5295
5484
3584
4360
4527
3004
4645
3046
3111
3498
4084
3280
3476
4992
2884
3692
5192
3029
5012
5112
3579
5579
3229
5813
4133
4134
4136
3501
4467
5673
3084
3355
3433
2795
4184
4787
5712
3752
4875
5297
5611
2808
5823
3052
3965
4600
3730
5617
5852
4243
4686
4694
4786
2770
2774
3327
5449
3187
5893
2785
4064
2800
3414
4498
4595
2767
3430
4326
4298
4822
4910
2796
4980
5820
4873
5654
5803
2771
5382
3951
3402
4629
5078
4196
5246
3951
5706
3808
4888
4947
5406
4262
4431
5509
2783
2786
2887
3996
4094
3809
5600
5909
3033
3034
3868
5462
3521
4414
4876
2874
3291
5704
3432
3561
4580
5492
3873
4145
4310
5065
3166
4185
4824
5199
3798
5725
2809
3251
5622
4572
5707
2904
4348
4664
4676
4849
4862
4361
4405
4523
5542
3155
4442
5380
4229
5744
3067
3160
5070
5718
4508
4860
4930
2807
3250
3918
3514
4934
5295
3686
3873
5497
5883
2803
3214
5889
3064
3086
3092
3871
4211
3974
5610
3497
3729
2978
5622
4026
4167
5614
3016
4017
5178
5315
5488
3693
5263
5435
2815
3107
4017
3448
4599
5551
4394
5700
3447
5126
3443
3686
5067
5073
3232
3481
5017
4379
4775
5856
3774
4170
3931
4293
4367
3271
5577
3471
3898
5220
4899
5790
4779
4845
3201
3241
4887
2831
3783
5017
3153
3165
4487
5378
3659
4720
5188
5784
5127
5230
5330
3855
4646
3332
3241
3263
3306
4205
2842
2858
3610
3820
2875
3062
3847
4973
5583
5920
4484
4928
4937
5383
3683
5270
5303
2852
3440
4473
5006
2850
3624
3236
4964
5134
3206
3905
4426
5410
5330
5381
2857
3187
3431
3262
4428
5914
3848
5735
2860
4865
4698
4705
5916
4452
5920
4402
5916
5929
3020
3051
3222
2992
2996
4411
3404
5357
5811
3906
5533
2860
3635
3637
3482
3677
3700
3482
3542
4203
5535
2868
2902
4086
4639
5736
5306
3804
5344
2936
3423
5631
3012
3405
4241
4710
2887
4092
5851
2877
3469
3569
5125
2906
3717
4196
3407
4002
4301
5183
3738
4255
5537
4447
3134
4972
5069
3241
5361
5895
2891
4165
3286
4212
5745
3233
5176
5304
3011
3785
3020
3582
4338
3607
4212
5288
3919
4612
5333
4430
4814
4817
3245
3750
4978
3219
3380
4704
2896
3709
5012
5112
3449
4855
5186
4453
5398
5474
2899
5125
4353
5740
3774
4197
5906
2895
3628
4868
3369
3610
3624
2902
3698
4821
4822
4850
5876
2989
3421
3825
5281
2901
4162
3618
5032
5247
2952
3193
3989
4112
5199
3566
4351
3681
4369
5091
5741
3080
3935
5093
3207
3922
4233
3346
3368
3715
2910
3027
5904
4253
4334
3681
3048
4133
4134
2930
3753
4101
3047
3281
3306
3276
3375
4181
5916
2917
3494
3881
3882
3640
3918
3652
2921
5273
5930
5658
5661
5926
5456
5631
3592
5554
2933
2951
4685
4703
2986
4045
4637
4444
4809
5736
3294
4365
5424
5748
3712
4562
4598
5522
4025
4592
3176
3780
3992
4827
4862
5322
3365
4095
4540
4095
4540
5591
5632
2941
5937
3175
4021
5355
3779
5592
4015
5713
5843
2948
4475
5573
3488
4415
5605
5711
4393
4836
4859
5197
3127
4028
5570
2958
3967
4735
5187
5495
3695
5005
5615
5689
3010
3208
3721
3584
4200
4235
5290
3210
4782
5486
5508
3665
4478
5002
3901
4156
3754
4742
5265
3374
5582
5736
2958
3792
3862
5125
5126
3171
3370
4021
5461
3419
3997
5476
3382
5102
5685
2960
3419
3998
5411
3029
3053
3141
5126
5129
5216
3531
4524
3888
5062
2965
3375
5894
3935
4352
5334
4220
4311
4652
5084
3421
4878
5452
3224
4683
4650
4799
5355
5724
2971
3049
4715
2972
3234
3701
3956
4851
3009
3578
3667
4963
3013
3328
3947
2978
3722
3957
5617
3396
4912
4980
5832
4381
4539
5834
5838
3385
3644
5344
3852
4243
3473
4001
5841
3968
4168
5832
5878
3126
4015
5461
3109
4188
4621
5012
3725
4127
4166
4197
4079
4454
2991
3580
5151
5322
3100
3305
5141
3390
4468
5085
4318
5042
2998
3867
4981
3007
4907
3390
4415
4826
3103
4305
4321
5900
3895
3927
4030
3960
4071
4832
4005
5418
5841
3019
3895
5297
3941
4660
5668
3371
4133
5927
3323
3952
4337
3679
5046
3070
4839
4072
5005
5690
3577
5148
3942
3955
4072
5026
5652
5665
5667
3427
4396
3406
4271
5094
3018
5153
5434
4468
5651
3429
3545
5164
3847
4828
5630
3027
4030
5904
3682
3772
5881
5581
3060
4325
5422
5551
3082
3225
5130
5605
3096
3471
4152
3107
4312
5412
4372
4844
4223
5170
5203
5640
5267
4453
3634
3706
5037
4271
4718
4830
3262
3929
5469
5306
5314
3348
3652
3929
3410
4520
3120
3371
5582
3445
3596
4725
5189
3697
3815
5764
4000
5499
5790
3300
3488
3750
5351
3132
3500
5872
3772
5399
5810
5828
3146
3762
5371
5791
3139
4754
5436
3360
5408
3546
4222
4809
3724
5015
5340
3087
4333
3658
5913
3855
3914
3066
4265
3303
3608
5613
5681
3487
4887
3064
3078
4257
4309
3299
3317
3319
5108
3103
3451
4362
4998
5010
5902
4877
5749
3878
4803
5053
4329
5599
5936
4627
5848
3214
3454
3527
3558
3445
4788
3619
5077
5257
3619
5098
3116
5606
4475
4840
3088
4654
4758
3318
3583
5603
3875
4731
5567
3801
4944
4209
4336
3154
3233
3104
5075
3084
4696
4155
4563
4870
3115
3717
4861
3082
3245
3801
5608
4978
3440
4210
4226
5101
4257
4910
4699
5479
3954
4082
4567
3283
3862
5479
5487
5727
3192
4150
4410
4869
4257
5259
4937
5383
5415
3819
4296
4381
4900
4292
4423
3135
5568
3983
4088
4160
3150
4299
4384
4900
4945
5604
5630
3569
4947
5272
5279
4158
4160
5233
4099
5601
3747
4094
5756
4513
4516
5089
3310
4157
3133
5222
3576
3647
5373
4512
4663
5325
3764
4465
5701
3123
3604
5190
3350
3817
5564
3398
3526
4284
5394
3993
4121
4492
3570
4977
4099
4362
4004
4901
5341
5841
3716
4277
5037
5080
3146
3478
5095
3374
3444
4653
3655
4163
4926
5030
3393
3526
4623
3256
3295
5187
4258
5282
5358
3138
3423
4138
3149
3130
4867
4926
4207
5036
3655
4088
3736
5882
3729
5319
3307
4017
5651
3770
4329
5123
5568
3331
4328
4465
5413
5043
5299
5309
3149
4882
4577
4582
3386
3392
3438
4373
3445
3733
4778
4020
5756
5834
4099
5606
3511
4055
5210
5609
5883
5882
3563
3564
4211
5090
3207
4885
4024
5074
5346
5893
4307
4562
5522
5525
3273
4674
5550
5280
5304
3432
3161
3293
4994
3969
4027
4884
4205
4215
3170
3535
5118
5300
4918
5196
5741
3399
3780
4218
4428
5675
3647
4700
3181
3222
3582
4112
4805
3852
3865
5258
5567
3170
3171
4644
5461
4317
3579
4799
3175
3271
4100
5081
5173
3317
3581
3599
3185
3796
4126
5300
3810
4773
5392
3642
3874
3881
5830
3218
3922
4344
4753
3194
4547
4180
4594
4717
3273
3702
3223
5652
5793
4077
4339
5578
3274
3461
3195
3289
5798
3841
4751
3499
4823
5316
5349
3684
3881
3965
5673
4735
4737
5074
5537
3538
4376
5216
3291
5744
3452
4673
5619
4901
5341
5774
3866
4123
4927
5480
3200
3487
3894
5041
4254
4345
4509
5216
3249
3464
5643
3297
4349
5350
3508
5533
5770
4091
5472
5677
5408
3218
3942
4228
4603
3641
3941
5818
5447
5561
4528
5131
3858
4788
5886
4477
5580
5776
4696
3231
3239
5854
3510
3860
5104
3609
3930
4574
3627
4751
3902
4730
5808
4662
5131
4687
3658
3702
4962
5899
4689
3580
3633
5323
3885
5812
5864
4025
3389
4272
5891
3231
5139
3359
5104
5555
4360
4708
4324
4890
4272
4464
4178
5072
5784
4120
5007
5207
3240
3284
5886
3281
3417
3479
3872
3418
4494
5220
4007
5211
5901
4982
4820
4963
5399
3757
5664
5669
5676
3796
5119
3250
4335
3981
5610
3254
3255
3259
4070
3995
5359
5906
3782
4282
3258
4449
3604
4941
4966
4984
3259
3940
3891
5618
3956
4063
5739
4526
5160
5529
5156
3264
4675
5361
3306
3336
3266
3891
4791
3439
5458
3458
4842
4090
4339
4409
5577
3732
4846
3824
4459
5228
5423
3742
5742
4077
4894
5773
3682
3282
5581
4074
4589
5709
5912
3587
4348
3434
4343
5194
4911
5268
3330
4322
3477
3695
5621
5895
3460
3465
5710
5518
5648
4785
3380
4226
5003
5097
5449
4229
4914
3407
4443
4434
4533
5253
4434
4091
3354
4231
5000
5738
5746
4207
4925
4016
4404
5429
5596
3497
4198
4245
5742
5940
3656
3837
5521
4411
4415
4469
4509
5041
5377
3859
4379
4940
3488
5336
5708
3608
4759
4929
4132
4622
5599
3972
3857
4328
5170
3772
4487
4674
4963
4455
5722
3333
3453
3660
3836
4012
4798
4403
4709
5487
4614
3664
3872
4066
4556
3779
5473
5589
3750
4460
4982
4254
4416
4982
5223
5608
3329
3672
4750
4676
5088
5109
4682
5899
3793
3944
4410
4157
5140
5264
4147
5462
3665
4213
5268
4240
5100
3559
3663
4340
3846
4874
3490
5698
5701
3333
3343
5045
4249
4506
4753
3543
3551
4311
4678
5361
3589
4545
5445
5910
4236
4379
5933
5268
5430
3347
4545
4902
5445
4815
3621
5035
5122
4097
3517
3829
5291
4226
5006
5745
4009
4659
3618
4748
4782
4542
5544
4053
4816
5937
4386
5239
4772
4950
5128
4378
4684
5126
5129
4401
4787
5459
3442
5734
4681
4786
3368
5921
3359
3607
3475
3477
5288
3562
3905
3491
4177
4450
3947
4399
3639
3736
5700
3394
5424
3977
4742
3657
3685
3867
5177
4271
4397
5718
5485
3653
5733
3978
4033
4444
4809
3377
4576
5707
3939
5420
5737
4639
3587
4488
5318
5656
4442
5035
5380
3565
4739
5911
4212
4259
4237
5504
5506
5552
3415
4588
3958
3966
3968
3391
3547
4550
4997
5439
5617
3590
3661
3391
4997
5671
3487
4345
5237
5809
5812
5651
5711
3479
5392
4210
4764
5003
3401
3812
5734
5738
4584
5198
5387
4229
4230
4841
3778
4645
5059
5128
5307
4591
5212
5786
3725
3813
4032
3413
3749
5368
3955
4133
4194
5925
4011
4200
3436
4761
4902
5254
3409
4423
3849
4301
4302
3964
4336
4001
4153
4546
4363
4546
4565
5870
3422
3557
5401
3514
4583
3437
4606
3934
5327
5411
5860
3547
4066
4936
4043
4395
3749
5396
4878
4882
4040
4479
4675
3808
4189
5934
3735
3752
5297
5388
4063
5160
5175
5218
4910
5770
3911
4696
5889
4237
5367
3436
3959
4740
5337
3446
5577
3840
5510
3596
3748
4374
3891
4482
4661
3943
3816
4052
5370
4726
5299
3601
4086
4639
3863
4409
4842
4858
4234
3771
4013
5422
4098
4772
5213
5913
4451
5588
4321
4990
3707
4489
4335
5208
5643
3457
3507
3568
4204
3463
4210
5101
3884
4858
3523
4087
5583
5814
3465
4087
5147
5827
3507
5475
4144
5600
3539
3512
3515
4279
5500
5847
3995
4045
4175
3795
4522
3472
4701
4721
5048
4035
5202
3844
4757
3474
4551
3845
5418
3691
3477
5596
5931
4286
3985
3991
4105
4668
5252
5410
3822
5924
3485
4340
3485
3627
4751
3532
3882
3914
4640
4646
4978
4517
5246
5869
4018
5363
5413
5064
5363
5686
3756
3959
4738
5691
3800
4548
5095
5791
5908
3643
3927
4476
4892
5673
5674
5408
5547
5312
5541
5696
4690
3505
3506
3740
5388
4692
4856
3527
4380
5907
3513
4834
5702
5548
3775
4367
4232
4986
3907
5296
3598
5517
3869
4495
4488
5245
4342
4357
3521
4593
3613
3748
5648
4274
3568
3586
5517
3539
4540
3527
3530
4380
4620
3646
4491
5401
3819
3849
3873
4484
4985
4995
5606
4407
4755
5308
5105
5411
3626
4506
3554
5249
3563
4211
3592
3593
4121
4310
5545
3592
4653
5579
4485
5775
5634
4100
4503
5172
5453
5907
5915
4262
4535
4299
4900
5545
3675
3683
3739
5040
5175
5360
5901
5166
3830
5334
5490
4056
5218
4347
4713
4737
4654
5885
5246
5898
4419
5107
5029
5905
3947
4571
4905
5910
3560
4571
5199
4330
5352
5395
3560
3947
4185
5380
5430
3604
3704
4371
4516
5143
5689
5887
4348
4928
5253
4373
3795
5039
4427
4861
3574
5338
5581
4022
4421
5425
5225
3583
4959
4995
5223
3768
3578
5113
3799
4820
3593
4644
4828
5630
4929
5042
5378
4677
4780
5194
4267
4859
5110
3596
4373
4665
4164
5338
4274
4401
3737
4736
4818
5275
5579
4358
4730
5003
4807
4819
3613
5684
5909
4059
4261
3606
3672
3627
4340
4747
4930
4560
4764
5507
5552
3605
5897
5183
4638
4929
4704
4769
3864
3615
3628
4014
4248
4729
4692
5436
5767
5778
4725
3915
3653
5345
3860
3899
5287
4361
4403
4701
4764
4184
4268
5070
3629
4247
5405
3910
5477
3883
5033
4382
4550
5166
4868
4571
5199
5445
3656
3734
4136
4866
5365
5486
3913
4199
5442
4573
5035
5386
5200
5556
4018
4886
5203
5096
5261
3645
3973
5924
3687
4672
3650
4866
3846
4749
5388
3761
4328
5698
3711
3838
4691
4720
3810
4589
3749
4031
3804
5579
3650
5313
5488
5463
5214
5272
5279
3731
4258
3883
4193
4124
5243
4455
4135
3799
4089
4820
4983
4555
3658
5213
5900
4673
3692
4370
4789
4949
3748
4239
3672
4034
4789
4949
5342
5521
3952
4487
5163
3791
4565
5497
5842
4173
5414
5503
5515
3678
4663
5263
3680
4078
4288
3676
4470
5279
4377
3795
4536
3813
5586
4314
4667
5813
4456
5397
4851
4559
4674
5212
4467
4600
5830
4266
4337
4587
5595
3851
5637
4224
5145
4006
5178
4282
4377
3695
5615
5682
5137
4456
5407
5592
3708
5313
5440
3714
5787
3709
3730
5850
4228
4461
5451
3713
5597
5924
3724
5062
5619
4406
5230
3706
4425
3706
3905
5038
3843
4689
4482
5621
3718
5845
4102
4105
4147
4891
4564
5905
3725
3813
5021
4041
4659
5242
5124
5187
3722
3957
3720
3832
4640
3838
3842
4125
4461
3730
5909
3877
3807
4141
5335
4499
5151
5750
3803
4994
4356
5358
5580
5326
5468
4269
4435
5193
3831
3837
4506
4529
4852
5232
3762
4252
4373
4745
5185
4079
5281
5877
3846
4718
4830
5280
4245
5703
4183
5169
5464
4417
5074
5687
5893
4363
4624
5865
4686
4694
4909
5441
4092
4104
5694
4724
4499
4515
4849
5321
5066
4132
5322
4095
4508
3832
3870
4553
3767
3884
4740
3777
4490
5133
3872
4010
4216
5786
3769
3861
3889
5870
3999
4001
4901
3762
5170
5791
4019
3826
3834
4791
4416
5377
5679
4404
5679
5698
4988
5566
4738
4846
5740
5478
5502
5765
4022
4313
4312
5588
5640
4514
3835
4770
5384
4011
5571
5162
5287
5049
5289
5799
5660
3973
5568
3783
4353
5148
4070
4324
4943
5204
5228
3818
3826
4906
3829
4398
4249
5215
5241
4381
4569
5083
3845
5276
5416
4383
4619
5762
3865
3986
5859
5478
4153
4565
5497
5595
5703
5920
3840
3899
4938
4018
5429
5698
3802
4971
5141
5608
3848
5890
4653
4768
5269
5367
4072
4649
4661
4032
5018
5928
5585
5675
4616
3887
4172
4180
4719
5368
4172
5274
5512
5802
4359
4999
4042
5769
3821
3834
5831
4145
3973
5345
4631
5277
5018
5586
4271
5100
4806
5007
4029
5164
3975
4917
5375
5918
5110
5157
5657
4427
5662
4946
4953
5664
4812
5224
5443
5458
4315
5409
4242
5801
5856
4949
3882
4636
4775
5102
4417
4544
4891
5133
4688
4702
4721
5073
4945
5828
3866
4634
5165
5654
4019
5371
3875
5861
4501
4767
4332
5065
5699
4554
5165
5727
5753
5203
5413
5711
4265
5788
5933
4463
5768
5860
4059
5189
5245
5799
5016
4002
4291
4587
3884
5544
3907
5676
4188
4516
4238
5067
4614
5827
4923
5236
5255
5628
3888
5015
4701
5549
5607
5119
5335
4864
4880
4957
5219
5636
4542
4063
5528
3893
5082
5260
4915
5034
4565
5762
3897
4643
5629
3927
4686
5879
4096
5360
5901
5565
4408
4924
5614
5888
5426
4152
4494
3945
4240
5094
5100
3903
3946
5573
4704
5286
3945
5102
4183
4544
3909
3913
4993
4716
5157
4833
3922
4344
5237
4579
3921
3965
5001
5716
3917
4805
5556
4112
5098
5908
5468
4195
5274
4553
4640
4876
5270
5824
4023
4892
5781
3969
4884
4996
4590
4102
4564
5544
4582
5728
4754
5135
5137
5472
3939
3987
5019
4697
4936
4354
4524
3938
5096
4965
5013
3975
4791
5470
3953
4629
4560
4869
5481
3946
4607
4368
5723
4510
5667
5793
4851
5739
5741
4397
4266
4938
4169
4171
3974
5821
5106
5864
4167
4260
4850
5876
4060
5641
4481
5816
4743
5880
5614
5823
4176
4449
4797
5515
5699
5674
4230
4848
4883
5737
5060
4154
4330
4222
4744
4093
4449
4606
4832
4021
5031
3980
4731
5845
5851
4604
4610
4695
4026
4440
5220
5416
3984
4867
5192
3990
4178
5056
5858
4122
5016
4566
4659
5482
4604
5850
3991
5807
5761
4010
5786
4118
4332
3995
4637
5756
3998
4005
4004
4501
4041
5764
4294
4295
4880
5149
4005
4304
4008
4008
5700
4568
5301
4286
5906
4404
5683
5931
4312
4672
5897
4028
5721
5076
5086
5179
5064
4252
4391
4024
4026
5620
4650
5404
4538
4893
4051
4408
4157
4085
5021
5218
4031
4372
5586
4066
5143
5650
4292
5505
4543
5180
5804
4046
5239
5769
4308
4684
4106
5346
4448
4438
5663
5780
4049
5803
4198
5580
4082
4295
5083
5628
5103
4166
4390
4389
4392
4498
4708
4724
4083
4151
4130
4174
4261
4435
4079
5175
4180
4635
4717
4655
4778
5666
5919
5173
5742
4068
4081
5471
4447
4911
4365
4531
4847
4115
4074
4144
5147
4075
5109
5695
4071
5725
5743
4797
5520
4481
4554
4600
5054
4382
4081
5095
5244
4617
4711
5421
5572
4500
4289
5635
5598
5152
4685
4762
4913
4774
5190
5721
4444
5559
4126
4098
4954
4971
5742
5435
4094
5597
5117
5041
5904
4160
5186
4139
4141
4116
4132
5936
4300
4142
4151
4610
4142
5851
4300
5560
4251
5790
4111
5754
4368
5467
4111
4718
5176
5304
4530
4119
4517
5022
5283
5795
4413
5207
5590
4128
5209
5480
4781
5917
4255
5185
4209
5441
4145
4900
4168
5832
4128
4191
4484
4907
4214
5106
5119
5020
5935
5775
4496
5209
5431
4131
5661
5919
5324
4135
5733
4195
5726
4644
4881
4810
5173
4424
5763
5172
4762
5238
4948
5209
5501
5709
4332
5646
4493
5428
5520
4301
5254
4424
4948
5501
4221
4551
4201
5317
5500
5857
5348
4430
5068
5484
5560
4430
4189
5227
4283
5301
4712
5815
4283
4169
5620
5622
4629
4171
4603
4197
5034
4975
4976
5155
5926
4780
4273
5235
4746
5071
4464
5891
5449
5706
4348
4705
5918
5077
5257
5516
4401
4545
4270
4316
5273
4454
5283
5397
5930
4663
5225
4489
4951
5058
4533
4928
4194
4854
5171
5925
5274
5636
4195
5093
5495
5348
5777
5359
4489
4951
4217
4358
4359
4347
4521
4578
5050
4636
4744
4480
4871
5467
5180
4471
5757
5758
4781
5836
4560
4407
4478
5755
4838
5144
4236
4666
4969
4238
4239
5212
5426
4943
5228
5520
5210
5842
4811
4961
4886
5434
5633
5168
5174
5214
5503
5863
4263
4893
5195
5544
4655
4779
4912
4396
4560
5475
4885
4304
4378
5269
4986
5760
4999
5839
5846
4706
4712
5683
5938
4768
4812
4290
5639
4276
4352
5080
5032
5400
4346
4511
4919
4420
5316
5329
4394
4323
4632
5108
5853
4737
5806
4420
5433
5873
4297
4386
5050
5616
5617
5849
5475
4977
5050
5101
4998
5525
5112
4320
4487
5087
5315
5905
5032
5417
5712
4374
4527
5198
5864
4449
5460
5000
5910
4666
5934
4277
4354
5084
5894
5254
5259
5798
4697
5419
4287
4795
4512
5145
5325
4992
4885
4623
5132
4852
5392
5208
4289
5524
5572
4853
4811
4960
5162
4443
4927
4567
4569
5379
5383
4298
4309
4326
4743
5884
5488
4520
5939
5065
5067
5627
5339
5008
5601
5612
4308
5129
4401
5491
5361
4331
5883
5609
5222
4559
4972
5325
5403
4503
4915
4854
4327
4465
5229
5373
4587
4942
4981
4514
4626
5624
5899
5740
4802
4331
5085
5594
5179
4421
4457
4756
5402
4336
4844
5483
4792
5015
4894
4840
4907
4488
5657
4527
4350
4747
5853
5511
4417
5512
4750
5108
5853
5511
5437
5898
4713
5347
5874
4607
4366
4709
5294
4613
5004
5298
5291
4826
5842
4366
4579
5442
4448
5910
4968
5777
5196
4433
4798
5090
5396
5506
4585
5250
5657
4383
4485
4642
5303
4387
5390
4384
5912
4410
4429
5752
5761
5779
5771
4400
4684
4917
5492
4390
4629
5078
4392
4394
4672
5222
5107
4922
5052
5653
5250
5607
4905
5311
4829
5339
5242
4613
5003
4789
5558
5017
5252
5331
4909
5834
5762
5353
4462
5143
5234
4509
4525
4898
5934
4823
4955
5474
4594
5819
4520
4869
4941
5038
5275
4818
4642
4647
5192
5275
5289
5312
5316
5091
5106
4443
4778
4437
5022
5283
4601
5421
4458
5732
4762
4913
5236
5248
5825
5836
5917
4457
5471
4784
4457
5590
5936
5033
5450
5729
4580
5424
4776
5256
4826
5644
4860
5446
5590
4500
5020
5474
4602
5773
4581
4633
4469
5623
5055
5056
5820
4501
4502
5376
4486
4490
5660
4552
5594
5226
5857
4631
5755
5572
4987
5047
5049
5103
4477
4804
5368
5348
5758
4483
4904
4800
4920
5745
5575
4541
5672
4485
4937
4507
4537
4493
4891
4495
5440
5917
4507
5462
4933
4505
5419
5501
5847
5251
4592
4790
5064
5071
5407
4901
5414
5273
5632
4595
4790
4779
4845
5440
4919
4510
5117
5306
5227
4549
4825
4766
4981
5866
4676
5086
5429
5806
5332
5374
4523
4608
5181
5558
4728
5374
5105
5327
4988
5506
4578
5687
5009
5010
5011
4532
5296
5309
4734
4718
5716
4545
5362
5193
4927
5481
5763
5766
5121
5494
5535
5327
5862
4710
5667
4617
4711
4909
5082
4974
4846
4568
5028
4589
4795
4886
5244
5633
4625
4723
5822
5595
5829
5830
5837
5024
5186
5207
5760
4558
4614
5837
4609
5671
5881
5262
5264
5831
4908
5847
4570
4568
5167
4575
5205
5493
4598
4903
4705
5477
5746
4968
4678
4863
4880
5448
5442
4952
4709
5004
5228
4968
4592
5011
5903
4596
4597
5507
5747
5715
5772
5099
5270
5785
5760
4726
4634
4679
4987
5670
5587
5612
4602
5572
4655
5303
5824
4611
5224
5566
4614
4615
5851
5727
5772
5314
4709
5294
4997
5822
4896
5054
5830
5676
4711
5789
4732
4956
5308
4625
4872
5120
5305
4956
5543
5308
4990
5008
5612
4941
4867
5072
5784
4785
5904
5007
5753
4843
5926
4671
4969
4794
4670
4952
5867
5871
5415
5356
5344
5345
4732
4957
4881
5514
5461
5574
4860
5559
4932
4678
4806
4890
5868
4796
5929
5490
5575
5136
5139
5089
4665
4752
5240
5697
5560
5358
4769
4929
4675
5672
5900
5404
4958
4959
4983
4932
4702
4757
5494
5894
5918
4910
5876
4689
5913
4904
5567
5937
5082
5172
5335
4689
5899
4700
5079
5092
5472
4897
4731
4921
4923
5888
4731
5860
4965
5482
5047
5816
4715
5747
5753
4717
4843
5438
5454
4712
4761
5182
4730
4736
5808
5932
5477
5305
5092
5668
5487
5659
5103
5245
5318
4825
4999
5647
5518
5292
4730
4993
5286
5535
5536
5782
5096
5797
5169
5232
5534
5495
5326
5051
5912
4858
4746
5342
5680
4775
4765
5808
4776
4750
4902
5508
5839
5389
5464
4753
5778
5331
4844
5549
5152
5885
5042
5336
4989
5161
5223
5604
4842
5639
4823
5329
5506
5089
5774
5443
5681
5015
5057
5378
4807
5053
5233
4896
5146
5783
5521
4876
5785
5451
5359
5247
5902
4803
5558
5607
4787
5122
4906
5878
5518
5076
5107
4793
5908
4795
5208
5428
4940
5118
4918
5257
5204
5467
5513
4972
5602
5221
5090
4808
4931
5221
4824
5526
5582
5524
5635
5116
4957
5379
5415
4815
5135
5137
4817
5835
5132
5509
5504
4872
4841
5878
5879
5880
5198
5903
4973
5695
5936
4886
4973
4904
5774
5077
5719
4835
5144
5890
5510
5844
5846
5289
5533
5091
4838
5023
5144
4839
5685
5715
5055
5573
5776
4848
4914
5354
5665
5395
5489
5386
5748
4850
5750
5328
4970
5703
5034
4950
4857
5778
5872
5023
5334
4864
4932
5922
5922
5922
5763
5204
5423
4954
5113
5720
4879
5063
5551
5612
5848
4881
4966
5328
5379
5593
5258
5835
5369
5366
4889
5225
5455
5195
5023
5890
5829
4899
5541
5271
5349
5094
4905
4917
5491
5836
5420
5737
5875
5632
4919
4946
5215
5467
5516
5840
5849
5197
5313
4924
5861
5562
5840
5168
5184
5485
5559
5423
4961
5419
4935
5292
5295
5296
5411
5142
4943
5513
5856
4958
5142
5150
5678
5399
5599
5788
5039
5775
4953
4951
5128
5141
5230
5425
5432
5842
4979
4985
4989
5431
5480
5431
5624
5432
5188
5797
5069
5602
5638
5688
5465
5603
5749
5244
5498
5271
5509
5867
5613
4981
4985
5044
5056
5142
5603
5693
5866
5552
5542
5399
5810
5008
5043
5299
5618
5004
5734
5623
5063
5099
5565
5247
5477
5735
5201
5575
5816
5445
5902
5903
5523
5531
5044
5858
5022
5450
5795
5019
5258
5924
5859
5283
5036
5406
5208
5643
5709
5887
5217
5453
5576
5540
5649
5873
5087
5154
5036
5180
5574
5171
5038
5473
5589
5877
5131
5302
5420
5177
5519
5670
5747
5702
5527
5055
5747
5340
5409
5060
5233
5394
5256
5611
5323
5202
5132
5394
5244
5598
5200
5321
5921
5276
5595
5534
5152
5759
5342
5111
5134
5437
5703
5149
5255
5124
5229
5353
5680
5110
5095
5429
5596
5263
5368
5144
5682
5898
5235
5111
5799
5719
5138
5115
5669
5251
5519
5446
5554
5138
5324
5381
5473
5242
5148
5381
5432
5158
5159
5604
5630
5191
5664
5682
5813
5435
5320
5854
5176
5754
5831
5150
5911
5392
5585
5320
5205
5151
5323
5752
5159
5640
5157
5731
5468
5914
5307
5317
5161
5605
5522
5523
5319
5281
5720
5650
5385
5222
5274
5546
5406
5213
5179
5376
5700
5221
5224
5347
5918
5548
5190
5406
5668
5517
5302
5854
5267
5269
5653
5315
5488
5717
5276
5505
5605
5379
5231
5493
5497
5938
5226
5933
5546
5469
5675
5276
5623
5241
5336
5708
5398
5584
5824
5826
5238
5366
5694
5869
5702
5400
5255
5459
5549
5409
5704
5260
5875
5868
5458
5514
5554
5569
5328
5272
5503
5453
5757
5831
5663
5729
5731
5732
5516
5452
5794
5456
5636
5729
5743
5357
5293
5294
5309
5298
5370
5298
5427
5328
5485
5462
5372
5312
5691
5793
5402
5803
5381
5680
5750
5678
5333
5349
5540
5649
5691
5351
5919
5341
5932
5536
5645
5790
5655
5353
5372
5402
5639
5940
5426
5714
5380
5386
5430
5681
5539
5873
5874
5382
5508
5504
5923
5542
5638
5401
5538
5645
5707
5594
5384
5405
5839
5393
5550
5389
5532
5390
5390
5455
5514
5493
5396
5407
5421
5486
5404
5550
5425
5417
5588
5644
5708
5768
5476
5839
5844
5476
5434
5484
5515
5540
5640
5728
5490
5616
5823
5836
5888
5889
5591
5530
5902
5897
5732
5593
5524
5538
5645
5692
5692
5927
5491
5466
5662
5762
5659
5929
5753
5662
5868
5563
5688
5697
5872
5862
5855
5627
5553
5563
5725
5655
5566
5826
5679
5525
5576
5530
5557
5709
5892
5531
5892
5903
5532
5892
5787
5794
5804
5765
5609
5677
5642
5553
5743
5557
5561
5563
5888
5835
5713
5811
5685
5721
5730
5634
5710
5600
5588
5592
5634
5920
5877
5705
5637
5608
5825
5616
5646
5840
5629
5629
5915
5627
5699
5923
5692
5638
5791
5638
5789
5652
5666
5651
5648
5874
5911
5912
5658
5718
5656
5792
5665
5666
5688
5686
5701
5686
5896
5871
5690
5887
5923
5837
5810
5723
5711
5719
5772
5726
5730
5767
5738
5832
5748
5828
5881
5752
5759
5884
5757
5759
5865
5855
5863
5855
5863
5770
5780
5807
5809
5800
5804
5786
5800
5802
5805
5796
5935
5805
5802
5805
5891
5866
5892
5817
5819
5819
5825
5827
5833
5837
5937
5849
5850
5881
5852
5852
5862
5859
5862
5870
5879
5878
5880
5896
5885
5898
5931
5927
5935
)


// ************************************************************************* //
