/*--------------------------------*- C++ -*----------------------------------*\
| =========                 |                                                 |
| \\      /  F ield         | OpenFOAM: The Open Source CFD Toolbox           |
|  \\    /   O peration     | Version:  v1912                                 |
|   \\  /    A nd           | Website:  www.openfoam.com                      |
|    \\/     M anipulation  |                                                 |
\*---------------------------------------------------------------------------*/
FoamFile
{
    version     2.0;
    format      ascii;
    class       vectorField;
    location    "constant/polyMesh";
    object      points;
}
// * * * * * * * * * * * * * * * * * * * * * * * * * * * * * * * * * * * * * //


2422
(
(123.0359419 8.060543581e-15 -129.8673077)
(123.0359419 8.664826062e-15 -124.8673077)
(14 1.110223025e-15 -5)
(14 1.490285944e-109 -6.711651222e-94)
(122.1973525 4.773174783 -129.8867418)
(119.782236 8.974181753 -129.9427116)
(116.0802485 12.09975426 -130.0285043)
(111.5351679 13.77567765 -130.1338355)
(106.691448 13.80154889 -130.2460876)
(102.1289914 12.17441823 -130.3518215)
(98.36148761 9.050665403 -130.4391325)
(95.91659672 4.867409179 -130.4957923)
(95.04381872 0.1005358731 -130.5160187)
(95.84810105 -4.678489171 -130.4973797)
(98.23300483 -8.896775882 -130.4421101)
(101.9123968 -12.0488285 -130.356841)
(106.6924805 -13.80172462 -130.2460637)
(111.5362135 -13.7754881 -130.1338112)
(116.0809366 -12.09935358 -130.0284883)
(119.7824427 -8.973934129 -129.9427068)
(122.1973867 -4.773080296 -129.886741)
(122.1973586 4.773157894 -124.8867416)
(119.7822574 8.974156182 -124.9427111)
(116.0802974 12.09972578 -125.0285031)
(111.5352439 13.77566387 -125.1338337)
(106.691542 13.80156489 -125.2460854)
(102.1290883 12.17447326 -125.3518192)
(98.36155802 9.050748521 -125.4391309)
(95.91664023 4.867526555 -125.4957913)
(95.04381974 0.1006773585 -125.5160187)
(95.84804834 -4.678340461 -125.4973809)
(98.23289424 -8.896641475 -125.4421126)
(101.9122331 -12.04873162 -125.3568448)
(106.6925706 -13.80173994 -125.2460616)
(111.5362877 -13.77547464 -125.1338095)
(116.080986 -12.09932486 -125.0284872)
(119.7824675 -8.97390446 -124.9427062)
(122.1973919 -4.773066002 -124.8867409)
(14.00821899 5.648549408e-16 -10.26585122)
(13.98975788 2.129028353e-15 -17.30012462)
(13.94055199 3.741632979e-15 -24.51456891)
(13.87172404 5.392507652e-15 -31.49690025)
(13.79483836 8.6437483e-15 -38.48010701)
(13.73063672 1.016080643e-14 -45.46195079)
(13.71341632 1.171491122e-14 -52.44606921)
(13.80186816 1.325083192e-14 -59.42829786)
(14.10122136 1.472842097e-14 -66.40461179)
(14.81230511 1.611250408e-14 -73.34926552)
(16.33018465 1.728726392e-14 -80.15781797)
(19.13118858 1.805551801e-14 -86.41871602)
(21.94231734 1.821590342e-14 -89.95214221)
(24.37103865 1.805658171e-14 -91.66335631)
(26.74851695 1.763466639e-14 -92.14069813)
(29.27152665 1.68925057e-14 -91.32131254)
(32.4622936 1.558046971e-14 -88.60324316)
(35.40329758 1.387636773e-14 -83.86960588)
(37.58695989 1.193038104e-14 -77.28933423)
(38.63170236 1.016659601e-14 -70.39059213)
(38.96520682 8.543832773e-15 -63.41586932)
(38.90110147 7.000126971e-15 -56.4338143)
(38.59570314 5.526705437e-15 -49.45693343)
(38.14468086 4.078674576e-15 -42.48848312)
(37.61768739 2.957191609e-15 -35.52496316)
(37.07418894 2.947976316e-15 -28.56276719)
(36.57323504 1.503849085e-15 -21.59758699)
(36.18262402 4.231426265e-17 -14.62508072)
(35.99115262 -1.46474871e-15 -7.645182579)
(36.12765593 -3.04744331e-15 -0.6641332424)
(36.75817329 -4.756887212e-15 6.413623088)
(37.97460539 -6.553159032e-15 13.28690497)
(39.90009371 -8.470336539e-15 19.99559853)
(42.64466976 -1.050427e-14 26.41111237)
(46.2810096 -1.263380779e-14 32.36529816)
(50.80778551 -1.481741148e-14 37.67259938)
(56.13076285 -1.700050444e-14 42.18139817)
(62.52030487 -1.927654655e-14 46.04223887)
(68.98708761 -2.129345815e-14 48.65881847)
(75.78530735 -2.315035381e-14 50.22331337)
(82.74579785 -2.479819431e-14 50.68403666)
(89.68950784 -2.619236648e-14 50.01911993)
(96.51357273 -2.729753837e-14 48.17230676)
(102.8329415 -2.804502907e-14 45.21933686)
(108.6497207 -2.848055184e-14 41.36397781)
(114.0504534 -2.869740346e-14 36.93985798)
(119.2874147 -2.878108189e-14 32.07975087)
(124.0953021 -2.872447425e-14 27.01692533)
(128.5879077 -2.850394977e-14 21.53116572)
(132.5314107 -2.810054849e-14 15.7709049)
(135.8848344 -2.748585481e-14 9.649146974)
(138.583987 -2.665583018e-14 3.211895697)
(140.6297783 -2.562817312e-14 -3.462051517)
(142.0196758 -2.441784012e-14 -10.30280433)
(142.737378 -2.303545445e-14 -17.24621856)
(142.746312 -2.148757489e-14 -24.22618422)
(141.9900508 -1.977901641e-14 -31.1645838)
(140.4616863 -1.792752756e-14 -37.9749518)
(138.2462555 -1.596564572e-14 -44.59468621)
(135.4856205 -1.392875586e-14 -51.00747356)
(132.337045 -1.018930241e-14 -57.23995191)
(129.1585288 -7.935909983e-15 -63.88679926)
(126.9413715 -5.987899638e-15 -70.50417602)
(125.4134243 -4.135912318e-15 -77.31670387)
(124.3664509 -2.371153608e-15 -84.21762947)
(123.6615862 -6.721126143e-16 -91.16456519)
(123.2126737 9.749707331e-16 -98.13345666)
(122.9630052 2.580068309e-15 -105.1125042)
(122.873407 4.154134858e-15 -112.1118721)
(122.9207546 5.7637582e-15 -119.4083248)
(13.16447721 -4.764088568 -5)
(10.75760296 -8.959574687 -5)
(7.066668981 -12.08561912 -5)
(2.532236215 -13.76908783 -5)
(-2.304451855 -13.80903696 -5)
(-6.866073645 -12.20069804 -5)
(-10.60814031 -9.136047243 -5)
(-13.08398755 -4.980890464 -5)
(-13.99809082 -0.2311996716 -5)
(-13.24134002 4.546087807 -5)
(-10.86613732 8.827630475 -5)
(-7.040577484 12.10083752 -5)
(-2.502523143 13.77451915 -5)
(2.334239862 13.8040329 -5)
(6.892381 12.18585591 -5)
(10.62782689 9.11313863 -5)
(13.16446629 4.764118719 -5)
(13.068452 5.021509962 0)
(10.26208354 9.523110906 0)
(6.163492716 12.57025686 0)
(1.244668516 13.94456167 0)
(-3.839795315 13.46313381 0)
(-8.413261825 11.19004135 0)
(-11.86709724 7.427785886 0)
(-13.75588508 2.603003179 0)
(-13.77422001 -2.504169138 0)
(-11.95949121 -7.278088347 0)
(-8.553201542 -11.08344456 0)
(-3.982292461 -13.42167451 0)
(1.444797992 -13.92524897 0)
(6.343378552 -12.48044665 0)
(10.39778666 -9.374755072 0)
(13.06846446 -5.021477537 0)
(117.7479594 1.035493776 -129.9898554)
(116.6336218 6.29683172 -130.01568)
(112.0236189 8.706510223 -130.1225157)
(107.1611219 10.21116271 -130.235203)
(102.9841494 7.048328031 -130.3320034)
(99.61347723 3.318787228 -130.4101179)
(100.5608381 -3.159024193 -130.3881631)
(103.7385888 -8.220563257 -130.3145194)
(109.4980601 -8.766030653 -130.181045)
(114.5942419 -8.480743634 -130.0629421)
(118.2424609 -4.172610886 -129.9783955)
(111.5380661 2.377659141 -130.1337683)
(107.6512257 5.908465665 -130.223845)
(104.6370478 1.831222754 -130.2936978)
(106.8390608 -3.546378247 -130.2426667)
(113.0980553 -3.68749455 -130.0976159)
(13.28676181 -4.411596378 -14.78632136)
(12.97143109 -5.183857738 -21.19767839)
(12.7768861 -5.507095421 -28.2569936)
(12.61362284 -5.702859295 -35.47079689)
(12.48649109 -5.817742147 -42.71696795)
(12.42383124 -5.864088099 -49.98538656)
(12.4769787 -5.850201362 -57.26204064)
(12.75365671 -5.75230496 -64.54099911)
(13.4385218 -5.561975554 -71.78701932)
(14.89047592 -5.257215664 -78.88330696)
(17.5866638 -4.845640314 -85.45620916)
(21.00268269 -3.881016471 -89.78991829)
(25.68881911 -1.978610065 -92.23307266)
(27.96499311 -2.622237709 -92.15402685)
(30.9110975 -3.422796992 -90.72230558)
(34.56321247 -4.390132692 -86.91467297)
(37.42296389 -5.068007174 -81.36276016)
(39.27263886 -5.529252013 -74.55106136)
(40.06464697 -5.734135381 -67.46422258)
(40.2537475 -5.845844304 -60.36365566)
(40.09489425 -5.91011762 -53.24902319)
(39.72580953 -5.94755591 -46.17594087)
(39.24112104 -5.978710519 -39.13283888)
(38.70870855 -6.009980922 -32.10161531)
(38.20469532 -6.073347319 -25.08984587)
(37.87115626 -6.326345426 -18.08725703)
(37.46660947 -6.127461758 -11.0911886)
(37.41304327 -6.109339107 -4.081558609)
(37.78125219 -6.098048303 2.929127177)
(38.69489497 -6.077862089 9.863514779)
(40.20758803 -5.971712331 16.57904002)
(42.73264343 -5.971451889 23.49953376)
(46.03515696 -6.059066586 29.55311163)
(50.25666099 -6.066778444 35.08884373)
(55.34206603 -6.032084122 39.87472969)
(61.16268803 -5.949434733 43.82127412)
(67.48139817 -5.907194055 46.76323669)
(74.11744084 -5.850760482 48.64028492)
(80.97340895 -5.832954537 49.39968053)
(87.88109931 -5.890261475 48.99149398)
(94.62352147 -5.993815488 47.40014297)
(100.9627413 -6.042015217 44.68268179)
(106.771302 -6.003939192 41.06718016)
(112.1187945 -5.934611348 36.86661264)
(117.1805583 -5.897622511 32.31036072)
(121.9474979 -5.912059259 27.44241757)
(126.3797433 -5.932791957 22.2350154)
(130.3764961 -5.966393366 16.67115361)
(133.8338829 -5.981454671 10.75385618)
(136.6651876 -5.973752231 4.509327606)
(138.8540353 -5.963715359 -1.988541616)
(140.3942279 -5.965489483 -8.668569854)
(141.2736737 -5.978063818 -15.4522878)
(141.5029781 -5.927517686 -22.19691944)
(140.9010564 -5.981348486 -29.41621754)
(139.5445044 -6.05387397 -36.08374698)
(137.5323329 -6.015640206 -42.62871799)
(134.9769997 -5.927362726 -48.97241515)
(132.0466126 -5.769518973 -55.11710572)
(129.0522817 -5.563830021 -61.23275722)
(126.6244155 -5.543137081 -67.53366922)
(124.8769858 -5.607779661 -74.02399697)
(123.6254208 -5.706010368 -80.66252398)
(122.7503041 -5.779170098 -87.41448049)
(122.1790504 -5.792270318 -94.23227959)
(121.8683415 -5.707231117 -101.0852465)
(121.9171893 -5.183970537 -107.7260657)
(121.7650213 -5.460334402 -114.3180417)
(121.8947336 5.22331592 -118.3312637)
(114.5282263 12.82639608 -119.2281331)
(104.4976267 13.28000035 -120.1045629)
(96.89473698 7.147309946 -120.3686472)
(95.13872358 -2.388242417 -120.4235262)
(100.021111 -10.79751091 -120.3263914)
(109.3809416 -13.99283617 -120.2873753)
(118.1812951 -10.52522415 -121.1537932)
(12.75382211 5.789393308 -11.81711067)
(12.74904792 5.580350914 -27.87996431)
(12.43072716 5.94950684 -42.14021309)
(12.42422577 5.936470089 -56.40325292)
(13.19874511 5.805653623 -70.64880407)
(16.75554116 4.936535833 -83.82164258)
(22.99392746 3.504512853 -91.38064434)
(28.09155254 2.325621823 -92.05762047)
(34.52427625 4.297912586 -86.92000551)
(39.20372761 5.428347587 -74.70909643)
(40.24163153 5.817782738 -60.47113636)
(39.73332665 5.960832746 -46.19556941)
(38.71394791 6.017297738 -32.12389993)
(37.73563687 6.039209762 -18.19373689)
(37.37485344 6.039028315 -4.3185)
(38.59424743 6.006437694 9.490737721)
(42.37074543 5.955696672 22.68869352)
(49.53570822 5.918918376 34.37591413)
(60.01976533 5.83095716 43.22040908)
(72.72245884 5.726484462 48.40443645)
(86.32080524 5.831553193 49.20587195)
(99.41436522 5.846362761 45.56333325)
(110.7767797 5.75824456 38.1025638)
(120.7170663 5.865702565 28.78886143)
(129.4316785 5.987245744 18.05988702)
(136.0204937 6.021395177 6.035236582)
(140.0792325 5.979954071 -7.066135172)
(141.4870396 5.991188004 -20.74795734)
(139.9007531 6.104681329 -34.50936109)
(135.4488814 6.119299854 -47.68857105)
(129.3617102 5.809739496 -60.31509612)
(124.8882746 5.803266273 -73.56810393)
(122.6382396 5.952263699 -87.72962398)
(121.9031932 5.531312317 -102.287813)
(121.4650472 6.133879293 -110.6525467)
(12.4049261 -6.505647122 -9.789082324)
(4.964212058 -13.09343078 -9.208763429)
(-4.623543966 -13.21158823 -9.305083352)
(-12.0145834 -7.172740234 -9.444294526)
(-13.80873264 2.255415666 -9.447151464)
(-9.065791138 10.66115719 -9.333546238)
(-0.006503945175 13.99999227 -9.169832687)
(9.316311818 10.45758275 -9.946339236)
(121.2353481 -6.677077471 -120.0169866)
(109.4877761 13.98868316 -119.7805824)
(118.9083033 9.795761929 -118.3901666)
(100.1309242 10.88792089 -120.2718633)
(95.16477439 2.533911775 -120.4256285)
(96.81721127 -7.014672041 -120.3840457)
(104.3898196 -13.24235443 -120.3162974)
(114.2852983 -12.93748958 -120.3828799)
(12.57147122 5.807112415 -35.03377114)
(12.93220643 5.292522857 -20.52313249)
(12.37401532 5.973681569 -49.25782994)
(12.644989 5.884460287 -63.54357515)
(14.40599035 5.624600312 -77.58300371)
(19.86066284 4.025350946 -88.51839219)
(25.69061859 2.918512219 -92.40268759)
(30.79036998 3.642623509 -90.89049209)
(37.41456343 4.991847698 -81.29660845)
(40.02678439 5.671903702 -67.65644877)
(40.0955418 5.90531488 -53.31643849)
(39.2475957 5.993449655 -39.12602181)
(38.18707097 6.030104435 -25.13340898)
(37.42947069 6.040988602 -11.25236049)
(37.71663298 6.021351996 2.616899864)
(40.11033621 5.987769428 16.21383562)
(45.49954924 5.927568095 28.81449513)
(54.40657453 5.898182402 39.19475759)
(66.18847293 5.777746832 46.32778527)
(79.49849402 5.753194879 49.36975365)
(93.00772653 5.884158864 47.93845968)
(105.3359798 5.784905659 42.19132657)
(115.8681323 5.787795812 33.61644316)
(125.2945852 5.926844227 23.58623436)
(133.0245088 6.02866729 12.22198527)
(138.3729358 6.001050782 -0.4196232746)
(141.1309599 5.965602025 -13.84734432)
(141.0896263 6.04176009 -27.68681485)
(137.97169 6.136706578 -41.20589938)
(132.4847329 6.011666486 -54.027001)
(126.7573624 5.762595606 -66.81266226)
(123.5622873 5.877717351 -80.55774899)
(122.0819215 5.895767984 -95.00752853)
(9.280887012 -10.48898431 -9.548696572)
(0.1930898043 -13.99877963 -9.243167563)
(-8.844955235 -10.84522487 -9.403408475)
(-13.74348386 -2.624048991 -9.463559378)
(-12.18780629 6.874089384 -9.410208356)
(-4.844780709 13.13194334 -9.229033348)
(4.844064371 13.13828182 -9.218438911)
(23.55523884 -2.812916022 -91.55144446)
(9.826263898 -9.913203554 -24.50617236)
(9.366335476 -10.28211254 -32.10709612)
(9.037487772 -10.50429952 -39.6512389)
(8.859368987 -10.60518768 -47.25550481)
(8.826727001 -10.64019872 -54.88250361)
(9.096583108 -10.55412991 -62.57783333)
(9.836977224 -10.34736089 -70.31112939)
(11.4263738 -9.988173503 -78.05818089)
(14.59004954 -9.3474928 -85.52457511)
(19.52419372 -8.242963264 -91.33330171)
(120.758441 -10.4362917 -76.82424002)
(43.24454827 -10.78666486 -42.65103479)
(42.75030961 -10.82104894 -35.52343947)
(42.24521221 -10.859651 -28.45227104)
(41.82824443 -10.93132908 -21.45189403)
(41.47124621 -10.96106663 -14.46565623)
(41.26319811 -10.94685828 -7.545616008)
(41.40216066 -10.94271012 -0.6671904216)
(41.9965677 -10.91257199 6.13251887)
(43.17402447 -10.86673374 12.80352585)
(45.23543432 -10.93911752 19.2667798)
(47.9004779 -10.8107786 25.41655483)
(51.60946359 -10.81520605 30.9302373)
(56.14756361 -10.80177238 35.69504707)
(61.34363759 -10.72202491 39.66253522)
(67.04288157 -10.64434514 42.72297416)
(73.07807882 -10.54530669 44.82465411)
(79.37524219 -10.46901635 45.88571699)
(85.82383772 -10.5102657 45.7588691)
(92.12660758 -10.69154083 44.37936713)
(98.11613751 -10.80964765 41.94389104)
(103.6448933 -10.81620979 38.67269471)
(108.747421 -10.75080182 34.85680315)
(113.5601923 -10.70094682 30.68215413)
(118.1187758 -10.69532059 26.18378692)
(122.3813966 -10.71357451 21.34843722)
(126.2696652 -10.74336777 16.16520185)
(129.6879678 -10.76502936 10.64107902)
(132.5464138 -10.75749675 4.804199561)
(134.8034975 -10.73951763 -1.29047791)
(136.4390103 -10.73357291 -7.585792022)
(137.4284031 -10.75342723 -14.02590374)
(137.7331472 -10.80694919 -20.55652945)
(137.1727461 -10.98339355 -27.18867827)
(136.2001289 -10.89026941 -33.64105783)
(134.4498135 -10.84966902 -39.96009609)
(132.1553427 -10.77286926 -46.10852446)
(129.5080058 -10.62366906 -52.1044483)
(126.7464719 -10.38624386 -58.03239905)
(124.2655063 -10.27763593 -64.08354241)
(122.2834842 -10.32170071 -70.35537672)
(118.8343914 -10.62733214 -90.24813231)
(10.64288746 -9.088014771 -16.46794742)
(119.5042612 -9.119293241 -110.4473997)
(70.51519307 10.37187824 44.32074363)
(107.03176 13.87826797 -114.3755781)
(117.2281344 11.23355029 -112.2573022)
(59.34745433 10.6086954 38.49987499)
(95.7463998 -4.860524877 -114.8343828)
(98.36240905 9.245682416 -114.7197913)
(117.9992889 -10.62326429 -115.7885581)
(94.87575381 0.04198595542 -114.8628305)
(8.618054444 10.81482541 -45.90120167)
(10.22951558 9.548694398 -16.98572372)
(112.594466 -13.49747182 -115.1704447)
(9.233402294 10.41035004 -31.39335617)
(8.846190905 10.71216995 -60.63275079)
(8.794487018 10.72264052 -38.61873547)
(43.65972845 10.74978159 -49.91882421)
(10.28570176 10.56587538 -75.52795577)
(8.66303394 10.76864848 -53.25209786)
(17.07716695 8.187662331 -88.11967666)
(102.2724255 12.34550967 -114.5657666)
(33.64129503 7.521267332 -90.57759127)
(12.45632006 10.35212596 -82.97695168)
(43.67332692 10.49701142 -64.88278606)
(43.84308475 10.65336884 -57.31418611)
(42.91893109 10.26483172 -72.52395021)
(2.789821358 -13.71949726 -14.35645019)
(42.26792014 10.87477262 -28.50485715)
(41.39295941 10.88970591 -14.70713662)
(42.78368033 10.84834514 -35.5223208)
(41.26635597 10.85538504 -1.204030062)
(41.77929711 10.88647996 -21.55640263)
(42.86735964 10.7806111 11.9454629)
(41.18392518 10.88052055 -7.929951191)
(47.02702146 10.6603176 24.16403182)
(41.78861684 10.81577773 5.461365086)
(54.51883942 10.63104742 34.46373222)
(44.59043556 10.7396796 18.20404156)
(64.71094687 10.50680462 41.82940852)
(9.715561881 10.02554178 -24.12573914)
(89.21550523 10.60435564 45.16498137)
(100.9919623 10.48420968 40.82930145)
(111.1035649 10.52815789 33.17715926)
(120.2368075 10.6353346 23.98887057)
(127.9930249 10.82902833 13.36100411)
(133.7318752 10.8041828 1.642050378)
(137.0228908 10.75300729 -10.93587221)
(137.6930304 10.76757416 -24.10771596)
(135.2157669 10.95537804 -37.10252652)
(130.2616688 10.92762915 -49.76529941)
(124.5432197 10.58628306 -62.39408005)
(120.635055 10.64121261 -76.19560658)
(118.5225714 10.81312723 -91.357093)
(119.0209381 9.716389745 -106.0467239)
(-10.69894768 9.029422414 -14.76421711)
(-6.711702505 -12.28617499 -14.72596282)
(-13.99965381 -0.1426972728 -14.90563429)
(25.929166 -4.395601763 -92.83750539)
(6.785433346 12.2466609 -14.25493571)
(-13.07311989 -5.010395122 -14.91178833)
(-2.15822781 -13.83243469 -14.37116663)
(-13.17334301 4.740032628 -14.8481022)
(-10.52977733 -9.226564732 -14.87307858)
(50.34682345 10.62026367 29.66252984)
(2.546713509 13.76676662 -14.18723067)
(83.01588983 10.45745952 45.98638061)
(23.17233989 -5.960855451 -92.54042309)
(28.95090612 -5.612716928 -92.78088246)
(7.047913717 -12.09763915 -14.20023651)
(33.28641888 -8.024526649 -91.42365698)
(38.13495232 -9.131244885 -86.00973463)
(41.46986853 -10.08387031 -79.47045022)
(43.12989084 -10.40435342 -72.0002242)
(119.6198782 -10.55569404 -83.46344922)
(43.78057753 -10.58347665 -64.53863208)
(43.88028449 -10.6881602 -57.16055997)
(118.4411499 -10.56766651 -97.10976301)
(112.3620375 13.55806872 -113.5250199)
(118.2941133 -10.45377599 -104.2926993)
(95.77904562 4.947849457 -114.8310357)
(-2.357784967 13.79969577 -14.16567196)
(131.1614142 10.82900592 7.640470298)
(43.65159926 -10.746214 -49.84754797)
(124.426918 10.74971711 18.69300502)
(27.74250765 4.88407659 -92.86957297)
(107.1649732 -13.89505812 -114.9096875)
(9.29111086 10.65359396 -68.07344738)
(102.2994931 -12.35955907 -114.7626425)
(43.27289215 10.80967341 -42.65656294)
(21.05804566 7.195387854 -91.8338089)
(41.08928433 9.842680346 -79.95256059)
(37.7966705 8.955132536 -86.3491265)
(115.6522961 10.5939975 28.85569728)
(76.70250068 10.32543901 45.76292243)
(98.31558639 -9.191935433 -114.7726062)
(95.24977807 10.58662123 43.47825304)
(106.2916792 10.44106044 37.28675506)
(135.6874887 10.77798796 -4.578657398)
(137.7376909 10.72294274 -17.36849179)
(136.8175785 10.87857759 -30.6376581)
(132.9813113 10.98360817 -43.45207351)
(127.3214881 10.74302612 -55.9923437)
(122.3034833 10.57751464 -69.15871007)
(119.4074739 10.72308416 -83.5852403)
(118.3455149 10.56260487 -99.22717754)
(-6.924177099 12.16736004 -14.54625638)
(114.1772349 12.98734444 -105.6189153)
(4.086180534 -13.33395166 -36.18783973)
(3.775619836 -13.40569904 -44.18446624)
(3.49085386 -13.48049475 -52.11101436)
(3.672080049 -13.45945859 -60.24089201)
(4.339542345 -13.38227502 -68.50641571)
(5.878784633 -13.21624219 -76.82796596)
(9.249961184 -12.89274009 -85.69987575)
(14.44590311 -12.26255721 -92.39103801)
(48.46610171 -13.57037336 -38.88421694)
(113.5608749 13.54978999 -86.55102982)
(26.24115627 -7.220167637 -94.15662147)
(47.12454668 13.61925218 -17.9478803)
(48.05714271 13.60667408 -31.72675655)
(47.55944453 13.61562266 -24.73338995)
(47.95740617 -13.58305163 -31.68366079)
(47.5047103 -13.60342054 -24.67823586)
(47.10112178 -13.61649582 -17.74213099)
(46.83031318 -13.62398724 -10.91526328)
(46.7905872 -13.62502572 -4.202981531)
(47.08947246 -13.61007963 2.36255476)
(47.80028071 -13.56704105 8.747932236)
(49.1056923 -13.51215101 14.92003728)
(51.2178533 -13.46598735 20.80688667)
(54.27128115 -13.4650251 26.05952767)
(58.19845019 -13.48873584 30.56433422)
(62.66588723 -13.45159375 34.40648793)
(67.58843887 -13.40573835 37.42726884)
(72.83349536 -13.34755372 39.60803807)
(78.14718303 -13.24117473 41.00130087)
(83.8201201 -13.20319118 41.30193971)
(89.3615849 -13.35993064 40.07335009)
(94.77038608 -13.47476085 37.87867242)
(99.79628381 -13.53419008 34.86576595)
(104.4504802 -13.53222681 31.4288922)
(108.9044122 -13.50745056 27.70207725)
(113.1802453 -13.4921367 23.67100952)
(117.2105888 -13.48929717 19.31371844)
(120.9196838 -13.49582812 14.62051613)
(124.2161632 -13.5041991 9.606645845)
(127.0213864 -13.50096746 4.305602776)
(129.2861805 -13.48785521 -1.238532545)
(130.9816165 -13.47728114 -6.986300507)
(132.0686531 -13.48012396 -12.89788163)
(132.4974523 -13.50320262 -18.91861624)
(132.2095017 -13.54678918 -24.98287252)
(131.3008789 -13.5665363 -31.01246516)
(129.7809658 -13.56415086 -36.92949684)
(127.7077538 -13.5481903 -42.73848327)
(125.2675757 -13.50329898 -48.4681952)
(122.6970115 -13.40136364 -54.20963179)
(120.250159 -13.31651358 -60.09968816)
(3.364907735 13.52819606 -57.52467346)
(17.44970629 10.67006396 -92.40920199)
(124.8796383 13.54288551 8.171281472)
(4.723959203 13.14711205 -27.55325114)
(30.38487015 6.600552624 -92.58752556)
(48.65405835 13.49279613 13.64407566)
(48.81092705 -13.43405577 -69.19075469)
(5.401126472 12.90491498 -20.20408985)
(120.7328586 13.51578975 -57.31172434)
(95.11457975 -2.493639284 -109.3087877)
(49.09179868 13.44962129 -61.69380767)
(0.3927268714 13.99400069 -18.58529587)
(91.10135062 13.41506821 39.43732405)
(24.59126632 6.3681918 -93.39329097)
(4.350742887 13.51220793 -73.13277435)
(48.46633373 13.34354201 -69.88667618)
(38.72936193 -11.77672059 -90.98695708)
(3.201136113 13.55805863 -49.91136315)
(48.5442419 13.59007879 -38.87445456)
(60.25307937 13.42285044 32.71660436)
(113.1351248 -13.51926301 -92.96846642)
(74.69688622 13.10607247 40.79947688)
(47.52941176 -13.34039053 -77.36153123)
(130.8411883 13.58230575 -32.8296557)
(101.3630854 13.22957629 35.01218)
(100.3716517 -11.10820355 -109.13805)
(96.31955689 13.30329299 37.77329199)
(113.6424259 13.6069825 22.56004784)
(116.189557 13.49429333 -71.17767019)
(129.7167526 13.51975906 -2.935663202)
(132.2271838 13.49465174 -14.64005551)
(132.0976593 13.53108296 -26.78779928)
(123.5605288 13.60055369 -50.9834059)
(-4.203071116 13.36142938 -19.58991693)
(118.1945526 13.48239557 -64.08117462)
(126.3679433 13.63844322 -44.90057653)
(37.17939873 11.44575704 -92.21865491)
(114.6963313 13.51497017 -78.64627944)
(121.556251 13.56347724 13.29531918)
(44.74191303 -13.24764599 -86.12648536)
(85.72920286 13.35727978 40.68681751)
(80.28868352 13.16517388 41.40118773)
(-8.617944029 11.05373204 -20.09571021)
(49.26526697 -13.49851843 -61.32114876)
(117.603375 13.62845972 18.01097422)
(29.77722121 -9.216540981 -94.9143638)
(109.7975989 13.46311002 27.09757198)
(48.95960832 13.56513373 -46.23171449)
(-13.78121588 -2.618977094 -20.38415146)
(49.23688941 -13.53602893 -53.66593703)
(112.5091458 13.63193386 -95.80886772)
(115.4772896 -12.34973783 -110.2573576)
(27.90194501 7.804843052 -94.36911679)
(31.89354857 9.67566549 -94.27208828)
(4.831282135 -13.10409196 -28.42079755)
(19.5276059 -11.6941491 -96.103866)
(48.91781881 -13.5545118 -46.22609394)
(96.92398932 7.265218312 -109.2567665)
(46.65038393 13.59389539 -4.867624553)
(21.74192985 10.03368914 -95.06782473)
(100.3005612 11.05235857 -109.022185)
(116.3316221 -13.36301919 -72.60324873)
(118.1045309 -13.31434176 -66.22288373)
(110.1118112 -13.94627802 -109.8188433)
(13.34494937 11.7214688 -89.10374632)
(95.12178634 2.533968987 -109.3246147)
(3.089306237 13.59745368 -42.26978388)
(3.682190818 13.51086992 -65.23431971)
(50.47533718 13.45550863 19.2508882)
(104.9584371 -13.43597031 -109.2022782)
(3.65370339 13.46906327 -34.79993933)
(127.6074649 13.5309075 2.706418411)
(96.92286757 -7.263471753 -109.262932)
(46.87232998 13.20539584 -78.60015941)
(104.7086793 13.35885952 -108.7775838)
(5.736733735 13.53900664 -81.08535193)
(49.19027279 13.52196083 -53.8250135)
(43.11264815 12.77751675 -86.913268)
(35.15905291 -12.38772308 -96.35429473)
(113.1086881 -13.42410542 -99.63998344)
(-12.00691984 7.245424041 -20.27549932)
(64.68980798 13.36766418 36.0293758)
(46.79816711 13.61344028 -11.32345782)
(47.43003679 13.51861451 7.730786246)
(46.79173641 13.55472886 1.51046197)
(69.53568698 13.24825577 38.80670148)
(131.2605783 13.50677795 -8.740505138)
(5.727426652 -12.76202283 -20.45292783)
(23.1983353 -8.853156119 -94.59533898)
(132.4548689 13.52356353 -20.69003117)
(105.7017182 13.33581311 31.26818845)
(128.8442907 13.62791514 -38.90452202)
(-8.49080664 -11.15267649 -20.35390425)
(-13.80874776 2.467784946 -20.32408426)
(0.6034772575 -13.98615256 -18.92804329)
(-4.05924349 -13.40625366 -19.94587533)
(109.4245332 13.98997317 -108.9867876)
(114.9130442 -13.43098661 -79.19639377)
(113.8454829 -13.48898198 -85.99582396)
(-11.93174834 -7.369541935 -20.39320117)
(56.15220855 13.35155839 29.06893663)
(14.62447079 -13.89614373 -99.8915426)
(54.83844331 -13.74552624 -42.41791783)
(-2.604987808 -13.80666868 -48.83415798)
(-2.52718852 -13.81235992 -57.33607866)
(-2.118751855 -13.83057943 -66.10096783)
(-1.002522629 -13.87162797 -75.01940649)
(1.586512755 -13.90824189 -85.26719888)
(7.488098004 -13.99879551 -94.54315941)
(26.50391957 -9.735303817 -96.09200215)
(55.31699121 -13.79205335 -65.8859944)
(55.33191722 13.79479933 -57.98719992)
(17.0556885 12.83190693 -96.84558195)
(121.8822081 13.70263191 -40.08417693)
(53.87413193 -13.71508383 -27.78847405)
(53.40989348 -13.70717979 -20.86508429)
(53.06874059 -13.69823132 -14.13818688)
(52.87038481 -13.70066947 -7.554163006)
(52.96664104 -13.70837941 -1.176372323)
(53.33591835 -13.75118343 4.926009364)
(53.97044908 -13.83335305 10.72726957)
(55.11530437 -13.91624948 16.35141916)
(57.4827024 -13.92361173 21.29886774)
(60.72751054 -13.89435267 25.29490778)
(64.72003497 -13.89401134 28.9844827)
(68.72705383 -13.92248083 31.83802342)
(73.25010804 -13.94492971 34.02060278)
(77.84778598 -13.95416974 35.23164201)
(81.98056608 -13.99995427 36.72394271)
(86.47303273 -13.97035767 35.44100363)
(91.21775298 -13.93179754 33.73263736)
(95.73641161 -13.83419705 30.65777597)
(99.76346563 -13.78159972 27.42953476)
(103.7993282 -13.79236647 24.1113415)
(107.7977281 -13.81531327 20.56477792)
(111.6088642 -13.83200758 16.73501363)
(115.1427651 -13.83924797 12.58545136)
(118.3087288 -13.84004098 8.125059938)
(121.0297204 -13.84262786 3.391400782)
(123.2597301 -13.85205788 -1.561599537)
(124.9963238 -13.86438143 -6.695835005)
(126.1923441 -13.87079315 -12.00267757)
(126.7743069 -13.86396127 -17.44187264)
(126.688836 -13.84147705 -22.9369251)
(125.9576741 -13.81531747 -28.41381977)
(124.6171019 -13.79784529 -33.84299473)
(122.7069314 -13.78787505 -39.22568225)
(120.3578772 -13.78900501 -44.5807654)
(117.8260469 -13.82502162 -50.0150252)
(115.3812791 -13.87237109 -55.70694804)
(11.84760858 13.54262313 -94.26977123)
(52.89365189 -13.81576899 -83.11145083)
(-1.686424363 -13.91389734 -32.14137734)
(52.75816656 13.35175712 24.44432268)
(54.50907013 -13.82502393 -74.37220205)
(54.95741646 13.86555232 14.77778138)
(95.88719635 -4.94411179 -103.8828004)
(55.50529082 -13.76268853 -57.72685855)
(126.7820348 13.85833951 -23.38383961)
(124.8971472 13.83083003 -7.206588785)
(43.55725729 -13.92620588 -94.78525664)
(-1.482539828 13.67662771 -78.86288789)
(55.30496161 -13.74451646 -49.87433458)
(121.0754191 13.82909013 3.102640118)
(7.735836931 13.68398199 -88.48859719)
(113.4447199 13.75804319 -58.49989771)
(-2.169951958 13.7736823 -70.11863628)
(110.8496702 13.70590007 16.54285465)
(123.2520305 13.82737678 -2.00520892)
(116.2529168 13.73003918 -51.90952689)
(-0.02430951608 13.99996644 -23.93779388)
(54.33362861 -13.73430342 -34.89182848)
(124.2082851 13.75781986 -34.44280209)
(109.3125419 13.76073365 -73.24074914)
(113.2273192 -13.33180989 -105.4103018)
(-2.761623373 13.7778425 -54.23451799)
(126.773703 13.86018644 -17.86618323)
(126.0739517 13.84238459 -12.50486953)
(42.46735825 13.95912795 -96.79669816)
(0.06328260383 -13.99945099 -24.60911981)
(-1.696840831 -13.92294659 -40.81186062)
(111.0517681 13.75758285 -65.7031615)
(119.1905485 13.68442903 -45.74983911)
(87.45762787 13.8956531 34.45690367)
(107.2159157 13.76396962 20.72372908)
(23.97066748 -11.41080639 -97.74266216)
(108.0613267 13.76102544 -81.04522837)
(118.2196643 13.81254475 7.943251485)
(125.930595 13.82407829 -28.89405809)
(109.5453407 -13.84343642 -74.65736328)
(-2.931776205 13.74582835 -46.50470748)
(100.1703763 13.95662276 28.83956431)
(114.6888983 13.75863868 12.39885893)
(-5.523460824 12.89298026 -25.31904046)
(54.95309249 13.72113459 -42.29130793)
(-2.605572821 13.77935861 -62.01331989)
(54.92161142 13.85256052 -66.41537295)
(103.847949 13.89399143 24.97910911)
(65.88048816 13.89099162 29.79204407)
(33.90182151 12.7444236 -98.1165282)
(74.03951558 13.99447134 35.15031334)
(54.02506156 13.68520594 -27.89811752)
(94.98998215 0.01838071849 -103.6820704)
(51.03907285 -13.52721563 -91.99067115)
(95.87461491 4.913200257 -103.9204727)
(56.81028265 13.89377395 19.57718349)
(113.1578634 -13.8894514 -61.71655457)
(98.60857714 9.392886374 -103.7274949)
(28.56113384 10.98476019 -97.23752126)
(98.66485772 -9.454413715 -103.7175038)
(-3.508587951 13.60380876 -38.06256491)
(53.8148963 13.90045355 -75.52758045)
(102.8105337 12.5520167 -103.0105844)
(51.35949338 13.86869541 -86.83821602)
(28.59940408 -12.42139616 -99.49490349)
(52.68297749 13.75579382 -2.06585321)
(106.5169067 -13.72566742 -96.48370751)
(-10.09845494 9.769769022 -25.71187817)
(55.28132143 13.75034117 -50.00237725)
(52.84955655 13.70626536 -8.141122487)
(25.32698231 9.206715507 -95.52888389)
(-10.17330633 -9.694801443 -25.96625902)
(-1.397378809 13.94130248 -30.34558147)
(53.51886641 13.85719095 9.509514892)
(107.0536447 13.72985572 -88.92252403)
(53.14677192 13.6846637 -14.45164939)
(-14.07225244 0.04736892461 -25.85017591)
(-5.570039838 -12.87539909 -25.89061215)
(108.2971932 13.98161376 -102.9720628)
(0.4042643047 13.53088494 -87.92290949)
(96.77079085 13.99752643 32.23469056)
(82.6478325 13.95732876 35.59147994)
(58.28206614 13.98744729 24.05579364)
(102.947718 -12.62093843 -103.1653557)
(107.3017889 -13.770874 -88.54302515)
(53.55028166 13.6797775 -21.03385955)
(108.2309003 -13.79977213 -81.41898921)
(-13.09459536 -5.14109511 -25.89626702)
(62.14786742 13.88757804 26.70656645)
(54.5109568 13.69929564 -34.96018489)
(20.23198812 13.49247166 -101.0571602)
(78.16011029 13.99575063 36.7682319)
(69.702319 13.96177315 32.8190448)
(-8.079631769 -11.50630276 -62.83141)
(-7.701799555 -11.3348999 -72.2752782)
(-6.093745239 -11.24000965 -82.87161943)
(-2.123917252 -10.97530664 -94.85323351)
(61.29389773 -11.2622356 -62.10523651)
(50.81755847 12.53305872 -97.75222031)
(59.89943222 -11.24084346 -79.71503864)
(5.151309594 13.68010154 -96.07125905)
(111.2064384 -13.87840587 -68.06826718)
(60.34686125 11.68920847 -71.14840506)
(58.82639169 -11.13599039 -17.166401)
(58.57581458 -11.10543161 -10.67830338)
(58.4056186 -11.20052446 -4.453624829)
(58.73851723 -11.20750964 1.574609988)
(59.07515451 -11.56000797 7.25879807)
(59.80818867 -11.97002492 12.51182407)
(60.31352965 -12.67881946 17.17327695)
(63.45146406 -12.17698256 20.42435813)
(66.93159141 -11.94881952 23.60245726)
(70.43941539 -12.12259944 26.46035251)
(73.5894829 -12.68102368 29.16241443)
(78.11306933 -12.28670178 29.62098789)
(82.85789549 -12.71579908 30.81981577)
(87.70941376 -12.75086835 30.22189728)
(91.14809914 -11.8654715 27.17554251)
(94.92235711 -11.4255797 24.04310484)
(98.72910817 -11.36316257 20.87201891)
(102.5852432 -11.52698813 17.70480879)
(106.2847491 -11.6732643 14.30143926)
(109.6885429 -11.77117954 10.66265593)
(112.763525 -11.82582166 6.739488417)
(115.4368262 -11.85468693 2.526744187)
(117.6079921 -11.87786653 -1.90201751)
(119.3573048 -11.94219629 -6.474232281)
(120.6867649 -12.02857048 -11.17295137)
(121.4630174 -12.05121981 -16.05318937)
(121.5938104 -11.98269639 -21.01489045)
(121.0667404 -11.84745404 -25.95915223)
(119.9829713 -11.74609311 -30.877899)
(118.2873056 -11.6509392 -35.84604143)
(115.9889352 -11.50618555 -40.82042504)
(113.3697308 -11.42553327 -45.84640193)
(110.8164463 -11.55878819 -51.26192703)
(12.44835834 13.97902554 -101.276002)
(60.9084338 -11.31986668 -70.78396649)
(120.2284891 11.78299471 -10.9146753)
(108.1667456 -13.97553533 -103.6984373)
(117.2831899 11.8258609 -1.348569397)
(-8.430453421 11.3423071 -58.48591169)
(40.97904305 -13.97063488 -101.168644)
(52.77652272 13.82317623 3.813709714)
(58.99606521 11.01415283 -17.37076679)
(-13.0545657 5.239028857 -25.7950575)
(7.366608838 -12.08744057 -105.1582735)
(97.1454643 -7.21236891 -99.06802858)
(118.9755233 11.78406577 -6.093014907)
(92.19629871 13.90894476 33.11611343)
(117.9608923 11.39769794 -35.66937919)
(121.7892823 12.09921493 -20.50442917)
(121.1314938 11.87230269 -15.71409389)
(22.16200954 -13.5439973 -101.9821447)
(105.4410473 13.46410971 -96.40580691)
(61.10176579 11.29684558 -53.99680942)
(-8.3066494 -11.47038736 -53.89664045)
(101.9319619 11.22481642 -83.48446409)
(115.1579069 11.90669171 3.193919892)
(104.3849179 11.01553107 14.96266961)
(36.06864594 13.972913 -104.5501836)
(59.94220299 11.04037756 -31.02065713)
(60.36241654 -11.15346663 -38.34493489)
(102.9587252 11.20036806 -75.71646868)
(-7.563974532 11.21020237 -74.95705291)
(24.51644236 11.78866537 -98.43124657)
(61.13196208 11.93435225 15.69073845)
(59.44161845 11.01399982 -24.04956567)
(18.14825859 -13.1598369 -109.4030574)
(104.6327414 -11.62669068 -70.05285815)
(89.06444783 12.07502353 28.4456796)
(78.91011463 12.92551146 31.09393155)
(59.83065624 -11.12665233 -31.02829042)
(109.3848295 11.12172392 -52.90684105)
(-8.117231719 11.36080641 -66.46992656)
(-8.296327391 11.48409812 -51.03592693)
(58.98270444 11.69754361 -80.98267333)
(59.28016553 -11.13490278 -23.98538843)
(61.01792512 11.45985266 -62.41106035)
(60.43188501 11.09928766 -38.32261956)
(74.18012228 13.01905955 30.21096005)
(58.20582495 -10.76312107 -88.58936258)
(98.46011427 12.50190176 23.55213743)
(-8.555717696 -11.2811826 -44.79664384)
(60.84844749 11.18261339 -45.91723622)
(95.42838733 -2.569660785 -97.96158733)
(48.49385129 -12.3299503 -101.5924249)
(58.38468882 11.20765544 -5.169209468)
(-8.585624144 11.25306906 -43.7364391)
(106.4747396 11.02634192 -60.03340055)
(108.5257395 -11.70609571 -57.11404339)
(97.08679309 7.120556184 -99.16374947)
(58.73117508 9.621636189 -90.70872378)
(104.3305613 11.04925214 -67.75365091)
(-7.273800616 12.03924873 -31.40747382)
(103.0891115 -11.41355593 -76.75150607)
(27.21605013 -13.95928766 -107.2036135)
(100.2494612 10.75258607 -97.53622596)
(112.4696938 11.07918366 -46.55235648)
(34.83421662 -13.99710559 -104.5105684)
(27.41433682 13.70870248 -103.2799232)
(63.3979904 12.24291472 20.54895627)
(-11.9082856 -7.56667188 -31.46243416)
(121.4400344 12.0461802 -25.57291254)
(59.11495014 12.10368795 11.05406149)
(115.3751539 11.13325292 -40.92596902)
(100.5043079 -10.95731694 -97.46903578)
(-7.959228974 -11.60732155 -31.70696301)
(106.5115299 -11.76954998 -63.43417693)
(112.0443501 11.71455265 7.459399543)
(108.1737932 11.15625225 11.10291542)
(58.65635214 11.05302355 -11.09478101)
(-13.84791218 2.788678757 -31.37972947)
(43.77786612 11.7992579 -107.459913)
(71.03595845 12.27438993 27.10520809)
(95.44311337 2.629591334 -97.8859848)
(120.0202281 11.7054471 -30.46556346)
(101.122906 11.125142 -90.80465101)
(-7.346216541 9.638187117 -85.25434972)
(-2.478150853 10.08810422 -96.37371017)
(61.20948845 -11.2126844 -53.83149459)
(94.12703645 12.4442593 26.62998013)
(84.0411771 12.29597256 29.91316807)
(-13.91764149 -2.425962558 -31.4686781)
(17.24617073 13.1178763 -109.1651942)
(-6.215844342 -12.6393857 -37.47880685)
(67.53614836 11.85694789 23.91728933)
(58.15329787 11.55482357 0.4836086303)
(101.0357103 11.5584689 19.20514459)
(101.3651269 -11.30209711 -90.74057198)
(64.77459744 -6.168187568 -75.7877593)
(5.319670783 11.2199524 -104.967752)
(114.2925329 7.85932717 -4.864422805)
(97.24963433 -6.864277991 -93.15443791)
(65.10667023 6.394143891 -49.80987628)
(58.07817997 12.02111309 5.833951339)
(62.61466286 -6.054700903 -7.612871297)
(62.81311133 -5.920859019 -1.409232614)
(63.04485439 -6.706372019 4.524697511)
(63.54277462 -7.830473828 9.914449872)
(64.56985641 -9.144891081 15.25438592)
(67.93180768 -8.662399232 19.42432646)
(71.68750104 -8.451711441 22.34663566)
(76.16749822 -8.971591983 24.97209792)
(81.55363182 -8.375723643 25.46143049)
(90.22248123 -7.35821082 22.58205262)
(94.02884286 -6.487073937 19.28623223)
(98.0004243 -6.674343697 16.00830636)
(101.8695751 -7.47004479 12.95602528)
(105.2509852 -7.531823089 9.373835397)
(108.1946354 -7.775887554 5.985969754)
(110.9561302 -7.997465111 2.192934283)
(113.0758619 -7.934660269 -1.844482115)
(114.8244988 -8.010259284 -6.030182314)
(116.2107337 -8.203619215 -10.28981387)
(117.2722027 -8.522764809 -14.5753864)
(117.6417522 -8.455205015 -19.16357846)
(117.3648044 -8.16393752 -23.5996323)
(116.534175 -7.845513271 -28.09663831)
(115.3359608 -7.856084259 -32.67678065)
(113.2250055 -7.418594457 -37.44534147)
(110.5704199 -6.636198554 -42.03317677)
(107.872541 -6.644413886 -47.23846431)
(104.2291667 5.94812611 -54.38738164)
(-9.013842645 -5.393204608 -89.26334345)
(25.55298749 -11.38823104 -114.2822354)
(60.84441488 -11.18300407 -45.86062778)
(-11.61143353 8.005929457 -31.20361657)
(30.30748578 11.60204789 -113.6983902)
(65.15256461 6.737971273 -66.99843565)
(101.9899748 -11.28273668 -83.67079593)
(65.30861088 6.575652207 -58.1807771)
(12.11390547 -8.327165976 -113.7585031)
(117.2863582 8.003924419 -18.5856912)
(97.50517561 6.354278524 -86.37740781)
(65.483637 -6.230420964 -58.0373537)
(-12.68918457 6.472036825 -54.59804917)
(72.9352687 8.245601127 22.92195462)
(-11.21663922 -6.160417737 -78.86015759)
(112.4715244 7.982193939 -0.532823072)
(64.69694501 -6.236943003 -41.81210685)
(64.14433806 -6.236331267 -34.39510653)
(-9.781706267 10.20030212 -37.19227696)
(-12.06638505 -7.457080899 -58.82460844)
(98.34421203 6.307368552 -78.84878386)
(64.17423137 6.163384492 -34.31491437)
(65.3263052 -6.426582419 -66.78574621)
(-0.5634448209 -6.481255742 -104.3116415)
(-12.57001281 -5.901793067 -67.6313154)
(65.08234812 -6.425736374 -49.65243491)
(64.47619636 6.716520839 -75.88427611)
(116.5878282 7.676717272 -14.06095448)
(-10.60555006 -9.363876942 -37.69499614)
(97.13955241 6.684007004 -93.31652474)
(101.3996654 -7.324761871 -65.69431081)
(62.42065371 6.630946201 -2.059188486)
(55.85256635 -9.560476359 -97.09282757)
(-11.9488017 6.690987698 -70.67251566)
(86.4389909 -9.542458604 25.93873456)
(-12.04846684 7.588177528 -47.94135338)
(41.94821797 -12.14271731 -108.1009717)
(105.3603824 -6.892426957 -52.92004997)
(99.52324736 -6.57746185 -72.36670654)
(101.2003682 5.266910617 -62.40107305)
(115.3894856 7.511944383 -31.74843364)
(19.95051763 -7.033558919 -117.5611811)
(63.35498679 -5.677371017 -84.74006684)
(-5.892652451 -3.770163168 -97.99455254)
(-11.29008582 6.21503654 -78.24741227)
(107.3050183 6.120265163 -47.76694072)
(64.67684769 6.278391878 -41.82162177)
(34.12987431 -11.49337103 -113.0079783)
(66.21673869 7.657292286 15.91451071)
(63.55977316 -6.282282088 -27.21374482)
(118.1490218 9.097162315 -22.7286002)
(115.6805032 7.766479834 -9.425454525)
(5.27947912 -2.954652313 -112.1257434)
(63.83234253 8.265363109 11.78642623)
(-13.16845957 -5.398708205 -43.05365569)
(69.3550639 7.37649633 19.58625865)
(62.69154617 -6.263803448 -13.77410976)
(110.6491081 8.577490881 3.480504293)
(89.88819841 7.810306001 23.10675975)
(62.52678048 6.237306405 -7.753124143)
(-12.83011302 -6.222696719 -51.08501328)
(-13.00178889 5.623642173 -36.1283592)
(-14.20160414 0.3689016919 -38.46841026)
(62.77488473 6.111244551 -13.94996922)
(63.64582661 6.09497542 -27.12895383)
(63.16541315 6.070829149 -20.36981162)
(-12.46311994 6.603451013 -62.51751267)
(94.96930474 7.925175157 19.63826578)
(63.04006759 -6.314938229 -20.30002023)
(102.8864302 5.112411213 10.16778179)
(-13.28363215 -4.943105008 -36.52563628)
(113.1127348 6.757300683 -36.71466648)
(81.08387728 9.002880951 25.93811622)
(62.21394728 7.74941872 3.18536375)
(76.2089507 10.30047071 26.31431214)
(103.3210128 -7.322500254 -59.04132771)
(66.83426188 0.2732060546 -54.01700239)
(-14.24846293 0.9856935385 -47.92111987)
(110.48859 -0.2347565035 -38.36639925)
(63.12369695 6.664612687 -83.64110509)
(64.00992645 0.1857985114 -4.282134767)
(64.40094221 0.6413487756 1.913472757)
(65.26009647 -1.827402818 7.529829149)
(66.56916029 -3.492935346 12.571387)
(90.06724501 -0.1663794934 20.22257321)
(94.90510578 0.1207623861 16.4824536)
(98.90497778 -0.7806848324 12.877271)
(102.4534728 -2.524148816 9.549398228)
(105.2766204 -0.7316675708 5.937582506)
(108.0722055 -3.267587089 2.757196188)
(110.163303 -2.70518853 -0.9399860195)
(112.0471716 -2.741611649 -5.000252137)
(113.4938856 -2.903907647 -9.185716008)
(114.5346181 -3.282404041 -13.32232399)
(115.3618486 -4.371722765 -17.11342829)
(115.1117372 -2.775457501 -20.95025293)
(114.7282792 -2.381477447 -25.56418755)
(113.8942226 -2.759536271 -30.0249816)
(112.6227602 -3.254084785 -34.28266704)
(66.40220042 0.1506239423 -45.38593495)
(66.61340412 0.4168798978 -71.68293132)
(56.23747032 8.10300244 -98.82396984)
(99.51592276 6.05703241 -70.99833525)
(53.41787732 -7.092308195 -104.1477365)
(-1.518325678 3.434961288 -104.9773559)
(96.36987258 0.07423792216 -82.53924554)
(-11.57837917 1.168622948 -84.03483291)
(116.9161247 8.083458703 -26.92082354)
(95.62067236 0.1961892829 -90.63574626)
(-13.2619825 0.1864394646 -74.60769958)
(66.97162762 0.3663733982 -62.3537895)
(65.88555694 -0.01876277937 -37.93587579)
(73.89827842 1.848393452 20.51959619)
(98.88960374 6.263211449 14.89965496)
(102.2904878 -0.8159597682 -55.80383208)
(51.95296172 7.854551393 -105.1834407)
(-14.21554407 -0.5472978046 -58.39872955)
(85.71798464 9.019831485 25.62558061)
(110.2994621 6.166471242 -42.03370787)
(97.38763348 -0.109140107 -75.08627602)
(64.34168179 -0.09942056097 -17.01313531)
(107.6631699 -0.2124639484 -44.0053469)
(107.0590239 6.798859009 6.490885584)
(-8.164033856 3.142349551 -93.57041074)
(63.39478733 1.692702631 -88.63929048)
(60.23699206 2.77129257 -96.20460572)
(69.25421919 1.258309735 16.43269408)
(98.76429414 -0.6975232362 -67.93880031)
(-13.87266809 1.23265798 -66.79122619)
(47.51463416 4.069646063 -111.9769534)
(65.52574786 0.5108049491 -80.3333649)
(65.31290127 -0.08888793179 -30.55124747)
(100.4622252 -2.280974151 -61.92168656)
(61.04792256 -4.574038663 -93.17253418)
(85.64245159 -3.886311323 22.83337934)
(61.91762772 9.184464384 7.788926634)
(68.19671939 -4.836024004 16.35822177)
(75.06592174 -4.159122711 21.71211204)
(79.77268074 -1.976993157 22.65036108)
(104.8039076 -0.3443778178 -49.71663225)
(-12.81015745 6.16725257 -41.98949135)
(28.8485426 -5.775669889 -118.8108603)
(111.1828173 2.825626554 -2.938048805)
(48.12946323 -6.272595067 -110.3357882)
(114.77964 1.824833359 -17.12266411)
(97.4831294 -6.307709169 -86.35965673)
(40.0390929 7.022433558 -115.1317164)
(98.31613487 -6.356289346 -79.23980998)
(18.04309208 7.638889529 -116.6938353)
(78.1597346 4.97203917 23.1149776)
(53.41562809 -0.5220009846 -107.1648046)
(64.04880633 0.01523018775 -10.51866196)
(56.55244473 3.197456468 -102.4804165)
(13.78689776 -0.4117872368 -117.5855695)
(112.9257125 2.706759454 -7.454798464)
(64.78249831 -0.1050302903 -23.63176483)
(8.537885319 6.422511751 -112.9847379)
(114.1169736 2.47745058 -12.06981191)
(57.74463184 -2.949445685 -100.7242504)
(71.35018262 -3.65839168 19.19572048)
(23.51655148 1.482598364 -119.9435627)
(108.6222915 2.95255179 1.787816199)
(112.8532661 2.111813308 -32.99509572)
(64.58089934 4.393691616 7.205225784)
(115.27618 3.647408382 -22.61537321)
(36.25351411 -5.175101345 -117.5991514)
(41.20475078 -7.871725668 -113.9455954)
(84.46204351 3.299731422 22.90628473)
(66.46957085 2.910881003 11.98120558)
(114.3933698 2.872375734 -28.0473586)
(41.95152296 -0.753172483 -116.2672803)
(33.95564314 1.966376753 -119.1258473)
(8.932278941 0.5445872891 0)
(6.729292948 5.82138388 0)
(0.7154155133 7.604670286 0)
(-5.479911139 6.891276113 0)
(-8.556976513 1.968735557 0)
(-6.464727166 -3.979891979 0)
(-2.189044273 -8.585406763 0)
(3.52404001 -8.221044829 0)
(6.296608239 -3.85897365 0)
(3.352820161 1.384920796 0)
(-2.701339103 1.715484619 0)
(0.3030596446 -3.590818634 0)
(13 1.224646799e-16 0)
(13 9.493236751e-16 -5.001727819)
(12.22414727 4.423824525 -5.001625697)
(12.22415741 -4.423796528 -5.001625699)
(9.989202748 -8.319605067 -5.001330821)
(12.13500271 -4.66280057 0)
(6.561906911 -11.22236061 -5.000876594)
(9.655087609 -8.70512971 0)
(2.3513622 -12.78558156 -5.000315167)
(5.890280084 -11.58898617 0)
(-2.139848151 -12.82267717 -4.999712154)
(1.341598136 -12.93058833 0)
(-6.375639814 -11.32921961 -4.999139458)
(-3.697842999 -12.46298348 0)
(-9.850416 -8.48347244 -4.998666744)
(-7.942258575 -10.29176995 0)
(-12.14941701 -4.625112574 -4.998352531)
(-11.10524184 -6.758224894 0)
(-12.99822719 -0.2146854051 -4.998236227)
(-12.79034715 -2.325299914 0)
(-12.29553002 4.221367249 -4.998332522)
(-12.77332186 2.41707438 0)
(-10.08998465 8.197085441 -4.998634055)
(-11.01944743 6.897229752 0)
(-6.537679093 11.23649198 -4.999117472)
(-7.812314552 10.39075268 0)
(-2.32377149 12.79062493 -4.999687368)
(-3.565524221 12.50148139 0)
(2.167508443 12.81803055 -5.000290567)
(1.155763622 12.94852155 0)
(6.400068072 11.31543763 -5.000855084)
(5.723243237 11.67238137 0)
(9.868696394 8.462200156 -5.001314892)
(9.529077577 8.842888699 0)
(12.13499114 4.662830679 0)
(13.00821903 3.658242935e-15 -10.26555507)
(12.9897696 6.640750752e-15 -17.2952817)
(12.33771258 -4.096484052 -14.78319228)
(12.94058901 1.639285929e-15 -24.50596448)
(12.04253127 -4.813584107 -21.1911541)
(12.8717825 -7.200652342e-15 -31.48608718)
(11.8575485 -5.113733473 -28.24778691)
(12.79489586 -1.408369156e-14 -38.46938324)
(11.70040496 -5.295514275 -35.46064124)
(12.73066033 1.622754653e-14 -45.45507946)
(11.57695765 -5.402191265 -42.70882009)
(12.71342174 1.549561194e-14 -52.44936171)
(11.51578169 -5.445226855 -49.98426429)
(12.80216702 1.330106465e-14 -59.45274431)
(11.5685909 -5.432332121 -57.27676785)
(13.10339128 1.874447617e-14 -66.47045351)
(11.84317686 -5.341428486 -64.58797751)
(13.82316341 2.76446895e-14 -73.49623049)
(12.52763662 -5.164694387 -71.8986252)
(15.37695988 -1.645167595e-14 -80.46008034)
(13.99534303 -4.881703788 -79.12357335)
(18.27984808 -4.79974351e-15 -86.94332955)
(16.75698829 -4.499527343 -85.89420958)
(21.25676636 3.88920782e-14 -90.68016684)
(20.30601807 -3.603806556 -90.45159274)
(26.825301 1.977658878e-14 -93.13774588)
(23.94858729 -1.595712903e-13 -92.56974191)
(25.52397027 -1.837294594 -93.20921548)
(29.75653537 -7.108089762e-14 -92.19582186)
(28.25343803 -2.434946133 -93.09302706)
(33.22499029 4.779657699e-14 -89.2499995)
(31.51797633 -3.1783181 -91.47856489)
(36.31137292 3.260461071e-14 -84.28841274)
(35.3669094 -4.076556349 -87.4203815)
(38.56194201 3.472900008e-14 -77.51161753)
(38.30489636 -4.706010346 -81.66467641)
(39.6278128 2.73489466e-16 -70.47870556)
(40.17990553 -5.134308667 -74.69558445)
(39.96510335 1.565311057e-14 -63.43025445)
(40.97572259 -5.324556966 -67.51098515)
(39.90067463 1.008422561e-14 -56.4045997)
(41.16237399 -5.42828645 -60.35707225)
(39.59413205 1.916835405e-14 -49.40090019)
(41.00058668 -5.487968691 -53.21014517)
(39.14212056 1.103033593e-14 -42.41697065)
(40.62920979 -5.522732733 -46.11768947)
(38.61463938 2.501214052e-14 -35.44694569)
(40.14276236 -5.551661949 -39.06448353)
(38.07127774 1.188678297e-14 -28.48651812)
(39.60911227 -5.580698693 -32.03097603)
(37.57107884 8.618384042e-15 -21.53195351)
(39.10334258 -5.639538864 -25.02470506)
(37.18164856 6.574223416e-15 -14.58092233)
(38.76180331 -5.874465638 -18.03673492)
(36.99112318 -1.277560724e-14 -7.637509145)
(38.36538708 -5.689787801 -11.06588395)
(37.12635812 -1.129296589e-14 -0.7150639761)
(38.31263893 -5.672959457 -4.098892533)
(37.74980544 -1.132677098e-14 6.284527455)
(38.67775396 -5.662475009 2.848130354)
(38.94962032 -2.247489576e-14 13.06476563)
(39.58155066 -5.643730544 9.704230464)
(40.84336659 -1.158416434e-14 19.66358007)
(41.07594697 -5.545162766 16.32604157)
(43.53472507 -9.274605757e-15 25.95525981)
(43.55837607 -5.544920789 23.13043101)
(47.09162263 -1.553056726e-14 31.77971596)
(46.79440633 -5.626277203 29.0670728)
(51.51339731 -2.08088252e-15 36.96400078)
(50.92579619 -5.633438165 34.48512667)
(56.71498676 1.761361047e-15 41.36980565)
(55.9021546 -5.601222035 39.16715732)
(62.96640774 -2.217429357e-14 45.14725718)
(61.60632519 -5.524476199 43.0322264)
(69.28815805 -1.054663831e-14 47.70521656)
(67.79452186 -5.485252673 45.91240238)
(75.93109687 -1.300814836e-14 49.23399774)
(74.28966655 -5.432850049 47.7482708)
(82.73150152 -1.779924507e-14 49.68413886)
(80.99829831 -5.416315949 48.4909491)
(89.51302064 -1.857287074e-14 49.034817)
(87.75593964 -5.469529523 48.09298428)
(96.16821826 -2.079404112e-14 47.23383444)
(94.34480655 -5.56568677 46.54047804)
(102.3381194 -8.444882599e-14 44.35034255)
(100.5408394 -5.610443766 43.88534568)
(108.048712 1.023584653e-14 40.5647353)
(106.2433632 -5.575087732 40.33412696)
(113.3916234 -7.082809272e-14 36.18756618)
(111.5296862 -5.510712223 36.17867295)
(118.5852545 -9.700281547e-14 31.36773185)
(116.5533289 -5.476365431 31.65528379)
(123.3468538 -1.449188883e-13 26.35373214)
(121.2799915 -5.489770919 26.82914128)
(127.7889219 -7.352543276e-14 20.92981579)
(125.6687116 -5.509022634 21.67389727)
(131.6804859 -1.723177877e-14 15.24561737)
(129.6198082 -5.540223855 16.1753685)
(134.9836689 3.316795052e-14 9.215671742)
(133.0308262 -5.554209282 10.33845119)
(137.6434466 7.27116349e-14 2.872213906)
(135.823278 -5.547057053 4.178995294)
(139.6605564 3.286153053e-14 -3.708240273)
(137.9833294 -5.537737121 -2.234333788)
(141.0312192 -2.178582261e-14 -10.45430816)
(139.5039139 -5.539384525 -8.829117908)
(141.7387937 3.39343096e-14 -17.2994099)
(140.3723627 -5.551060675 -15.52513593)
(141.7476764 -1.02622676e-14 -24.17396441)
(140.5972307 -5.504124924 -22.17794162)
(141.0036887 -1.069983738e-13 -30.99999404)
(140.0057163 -5.554110634 -29.29038514)
(139.4991085 -2.158936005e-13 -37.70394628)
(138.6709464 -5.621455784 -35.86033945)
(137.3132974 -1.432555731e-13 -44.23470123)
(136.6836221 -5.585953114 -42.32040165)
(134.5813623 -3.866158926e-14 -50.58048749)
(134.1519969 -5.503981301 -48.59809115)
(131.451801 -4.962720512e-15 -56.77482502)
(131.2390274 -5.357412312 -54.69523566)
(128.2323635 -3.032766275e-14 -63.50968155)
(128.2183494 -5.166416611 -60.84984792)
(125.9764267 1.005101782e-13 -70.24172305)
(125.7495559 -5.147201718 -67.25464242)
(124.4298044 -8.452953121e-14 -77.1364492)
(123.981739 -5.207226675 -73.82882904)
(123.3740336 -7.774875516e-14 -84.09471476)
(122.7223702 -5.298440724 -80.52692709)
(122.6648702 -5.248224455e-14 -91.08358878)
(121.8441674 -5.366374653 -87.32219748)
(122.2138707 -8.864759289e-14 -98.08454435)
(121.2706054 -5.378539067 -94.17266331)
(121.9632815 -1.303200403e-13 -105.0889973)
(120.9558425 -5.299574023 -101.0511697)
(121.8734108 -1.229760424e-13 -112.1091139)
(120.9883776 -4.813689031 -107.7119095)
(121.9208702 -7.662857343e-14 -119.423524)
(120.8442198 -5.070312666 -114.3208122)
(122.0359419 8.289257625e-15 -124.8806882)
(121.257309 -4.432120208 -124.8993167)
(121.257278 4.432205536 -124.8993174)
(119.0147388 8.333129424 -124.9529715)
(120.9670142 4.850224002 -118.3430602)
(115.5772779 11.23545068 -125.0352208)
(111.3569499 12.79168661 -125.1362119)
(114.1274791 11.91022585 -119.2339514)
(106.859306 12.81573771 -125.2438504)
(102.622821 11.30485956 -125.3452489)
(104.8141505 12.33142947 -120.099468)
(99.12447461 8.40425157 -125.4289874)
(96.85424885 4.519834029 -125.4833321)
(97.75448735 6.636789993 -120.3545518)
(96.04379388 0.09348583728 -125.5027334)
(96.79055801 -4.344161576 -125.4848568)
(96.12393278 -2.217654625 -120.4073201)
(99.00500384 -8.261152072 -125.4318472)
(102.4214595 -11.18809903 -125.3500687)
(100.6575589 -10.02626197 -120.3159449)
(106.8602611 -12.81590026 -125.2438276)
(111.3579191 -12.7915109 -125.1361887)
(109.3489592 -12.99334788 -120.2879082)
(115.5779173 -11.2350784 -125.0352055)
(119.014934 -8.332895682 -124.9529668)
(117.5220208 -9.773424493 -121.1662262)
(11.84333065 5.375867268 -11.81587798)
(11.83196553 5.181756447 -27.87089038)
(11.52555535 5.524544218 -42.13180005)
(11.51865995 5.512438801 -56.4154185)
(12.29400472 5.390966857 -70.74616791)
(15.90087571 4.583930064 -84.20271494)
(22.44538289 3.254198606 -92.17841725)
(28.40289272 2.159515633 -92.99328923)
(35.32918932 3.990923339 -87.42781703)
(40.11352542 5.040611677 -74.85718021)
(41.15118069 5.402229279 -60.46516578)
(40.63628484 5.535061227 -46.13738768)
(39.61410345 5.587492881 -32.0532756)
(38.63634855 5.607839616 -18.14237283)
(38.27690035 5.607670859 -4.334059621)
(39.48414074 5.577407889 9.335743149)
(43.20339624 5.530290958 22.33411966)
(50.22313524 5.496139516 33.78540408)
(60.48789805 5.414461303 42.4410613)
(72.92517827 5.317450874 47.51471945)
(86.22971496 5.41501469 48.30132884)
(99.02390933 5.428766418 44.74287149)
(110.195941 5.346942938 37.40009857)
(120.0596545 5.446725428 28.16254847)
(128.6871234 5.559586804 17.54729986)
(135.188406 5.59129693 5.685028777)
(139.1933263 5.552815932 -7.24703079)
(140.5832338 5.563247387 -20.74933624)
(139.0234949 5.668634035 -34.30866067)
(134.6248056 5.682208635 -47.32822365)
(128.5408622 5.394761081 -59.92266584)
(124.0001437 5.388750026 -73.36961009)
(121.737603 5.52710446 -87.63966074)
(120.9850517 5.136220802 -102.2575007)
(120.5661569 5.69574737 -110.6464905)
(11.51945104 -6.040960225 -9.789112116)
(4.610209251 -12.15818644 -9.20891946)
(-4.292696509 -12.26790399 -9.304959109)
(-11.1557985 -6.660403989 -9.444055336)
(-12.82179461 2.094315522 -9.446878238)
(-8.41763714 9.899647937 -9.333315172)
(-0.0054529097 12.99999282 -9.169832194)
(8.651452066 9.71061454 -9.94628894)
(120.3565274 -6.200145736 -120.0314869)
(109.4475807 12.98949151 -119.7812082)
(118.1939198 9.096066926 -118.3992845)
(100.7594678 10.11021406 -120.2616167)
(96.14812571 2.352919083 -120.4094477)
(97.68251531 -6.51362621 -120.3698335)
(104.7142863 -12.29647257 -120.310929)
(113.9032165 -12.01338402 -120.3893927)
(11.66161116 5.392320765 -35.02364453)
(12.00643587 4.914487458 -20.51695848)
(11.46961957 5.546992235 -49.25569937)
(11.73853578 5.464144142 -63.58452516)
(13.51392881 5.22284661 -77.78993403)
(19.10271197 3.737830627 -89.10391977)
(25.53397076 2.710065727 -93.36809503)
(31.38160299 3.382443234 -91.65387257)
(38.29900999 4.635290793 -81.59764243)
(40.93974052 5.266770402 -67.70521473)
(41.00140395 5.483509003 -53.27779176)
(40.14874006 5.565348293 -39.05769859)
(39.0871909 5.599384749 -25.06810455)
(38.33120618 5.609491287 -11.22622268)
(38.61603694 5.591257003 2.538856172)
(40.97976218 5.560072937 15.96650145)
(46.27246348 5.504171455 28.34190772)
(54.98849753 5.476884695 38.49914717)
(66.52990233 5.365051669 45.48332766)
(79.55528213 5.342253402 48.45986233)
(92.76623305 5.463862755 47.06379856)
(104.8274761 5.371699332 41.43588996)
(115.2488797 5.374383493 32.94889804)
(124.5948402 5.503499762 23.01078979)
(132.2340252 5.598049576 11.78643484)
(137.5094072 5.57240573 -0.6852956938)
(140.231176 5.539489015 -13.94124103)
(140.1930521 5.610207133 -27.58723142)
(137.1210111 5.698371877 -40.91571314)
(131.6811268 5.582263495 -53.61489632)
(125.8925585 5.350984732 -66.52510259)
(122.664852 5.457882966 -80.42229054)
(121.1766602 5.474644058 -94.95134432)
(8.618555842 -9.739773126 -9.548829955)
(0.1798862975 -12.9988668 -9.243173082)
(-8.212573638 -10.07056786 -9.403214409)
(-12.76120611 -2.436618044 -9.463298914)
(-11.31664906 6.38308531 -9.409944592)
(-4.498132662 12.19394808 -9.228884477)
(4.498643925 12.1998338 -9.218588819)
(23.05159936 -2.61200147 -92.39167099)
(9.120161734 -9.205119719 -24.50008825)
(8.687696428 -9.547677983 -32.09968471)
(8.376431641 -9.753994427 -39.64437956)
(8.206555119 -9.847676281 -47.25225832)
(8.176844263 -9.880186575 -54.88833202)
(8.440046298 -9.800265669 -62.60329171)
(9.166702017 -9.608266161 -70.37798846)
(10.74306458 -9.274735666 -78.21340642)
(13.91676787 -8.679818771 -85.84222772)
(18.94140384 -7.654186644 -91.89338924)
(120.1023993 -9.690844677 -76.70626535)
(43.88042519 -10.01619077 -42.60597695)
(43.38287413 -10.04811878 -35.47403196)
(42.87448061 -10.08396349 -28.40399914)
(42.45165069 -10.15052165 -21.41060984)
(42.09273877 -10.17813502 -14.43799602)
(41.88656443 -10.16494146 -7.541085741)
(42.02501392 -10.1610895 -0.7007017445)
(42.61733655 -10.13310402 6.048401557)
(43.78716224 -10.09053985 12.65660711)
(45.8194675 -10.15775324 19.04683641)
(48.45536205 -10.03858131 25.10701498)
(52.10462719 -10.04269245 30.53270019)
(56.56719324 -10.03021833 35.21690973)
(61.6839262 -9.956167175 39.11694784)
(67.29481911 -9.884035932 42.12426105)
(73.23157095 -9.792071654 44.18506272)
(79.4224069 -9.72123063 45.22345419)
(85.76021945 -9.759533583 45.10133279)
(91.95305156 -9.927860412 43.75753876)
(97.83718364 -10.03753107 41.37290879)
(103.2846216 -10.04362469 38.14989781)
(108.3366077 -9.982888988 34.36533355)
(113.1204285 -9.936595125 30.21058842)
(117.651159 -9.931370717 25.73913526)
(121.8847905 -9.948320732 20.93884093)
(125.7427193 -9.975985833 15.79988969)
(129.1291629 -9.996100085 10.33045887)
(131.9573843 -9.989105538 4.553961361)
(134.1909618 -9.972410666 -1.481126685)
(135.810385 -9.966890578 -7.716284808)
(136.7917441 -9.98532672 -14.09436486)
(137.0974389 -10.03502564 -20.5595394)
(136.5563651 -10.19886675 -27.12091352)
(135.5874869 -10.11239438 -33.50112866)
(133.8515431 -10.0746941 -39.756414)
(131.569827 -10.00338016 -45.85346001)
(128.9276867 -9.86483725 -51.80880654)
(126.1452028 -9.644371833 -57.73558016)
(123.6279344 -9.543521867 -63.84992185)
(121.6290731 -9.584438957 -70.18747412)
(118.1856909 -9.868239141 -90.1936764)
(9.882227116 -8.438873118 -16.46463805)
(118.7455259 -8.467917575 -110.4418832)
(70.71495839 9.631030978 43.67946432)
(107.1633455 12.88696321 -114.375178)
(116.6313422 10.43115566 -112.2559104)
(59.72271363 9.850932637 37.96604351)
(96.68419115 -4.513346276 -114.8305877)
(99.11331435 8.585278686 -114.716938)
(117.3479824 -9.864461748 -115.7928654)
(95.87574088 0.0389869757 -114.858725)
(7.98303525 10.04233981 -45.89712432)
(9.498215576 8.866646994 -16.98231183)
(112.328947 -12.53336711 -115.1717816)
(8.564810362 9.666755624 -31.38613265)
(8.20261499 9.947017046 -60.65148785)
(8.151565092 9.956739561 -38.6118708)
(44.29944254 9.981942079 -49.88435147)
(9.639247095 9.811172641 -75.63984922)
(8.02401838 9.999461297 -53.25528962)
(16.39311295 7.602834365 -88.55561975)
(102.744007 11.46368871 -114.5641325)
(34.2606309 6.984040735 -91.15013879)
(11.8232281 9.612691613 -83.20593077)
(44.33479267 9.747227217 -64.89971869)
(44.49170216 9.89241606 -57.29849133)
(43.59459034 9.531632173 -72.60078126)
(2.590646869 -12.73953341 -14.35584405)
(42.89586046 10.098005 -28.4566595)
(42.02078003 10.11187152 -14.67858972)
(43.41386949 10.07346525 -35.4730992)
(41.89711801 10.08000195 -1.23436677)
(42.4066681 10.10887605 -21.51471559)
(43.48991205 10.01056885 11.80595149)
(41.81317489 10.10334217 -7.923740591)
(47.60399204 9.898867565 23.86856812)
(42.41856179 10.04322367 5.381806484)
(54.97350195 9.87168802 33.99826978)
(45.19610164 9.972560935 17.99262358)
(65.00458576 9.756319763 41.237337)
(9.017597324 9.309433763 -24.11984152)
(89.09351077 9.846902778 44.52359029)
(100.6562714 9.73533879 40.25789615)
(110.6682603 9.77614832 32.68219308)
(119.75146 9.875669436 23.55603499)
(127.4554173 10.05552772 13.02533331)
(133.1343051 10.03245687 1.424452028)
(136.3901091 9.984936782 -11.03413239)
(137.054873 9.998463088 -24.07274006)
(134.6180314 10.17285242 -36.92826844)
(129.6991236 10.14708579 -49.49272834)
(123.9356157 9.830122639 -62.15110094)
(119.9961443 9.881128307 -76.07701075)
(117.8893231 10.04076307 -91.30759342)
(118.3011353 9.02236424 -106.0321483)
(-9.934732568 8.384465997 -14.76676483)
(-6.232279808 -11.4085923 -14.72754523)
(-12.99971164 -0.1325046737 -14.90906604)
(25.83494051 -4.081653841 -93.7822584)
(6.3008795 11.37190065 -14.25349654)
(-12.13935913 -4.65251169 -14.91499473)
(-2.003972483 -12.84440379 -14.37163905)
(-12.2324079 4.401460727 -14.85129491)
(-9.777672075 -8.567526697 -14.87563829)
(50.87313225 9.861674563 29.27841838)
(2.364939975 12.78342635 -14.18669727)
(83.00057624 9.710499287 45.32168827)
(22.72227772 -5.535092053 -93.32538778)
(29.30396188 -5.211822007 -93.62624327)
(6.544622775 -11.23352339 -14.1987597)
(33.85814769 -7.451353181 -92.01068197)
(38.81436349 -8.479017411 -86.34588904)
(42.1415598 -9.363597029 -79.64376275)
(43.79531043 -9.661187943 -72.07038003)
(118.9680481 -9.801718135 -83.38197583)
(44.43502608 -9.827516312 -64.55350066)
(44.5259645 -9.924722308 -57.14443855)
(117.7861213 -9.812835315 -97.075595)
(112.1127641 12.58963561 -113.5252574)
(117.6291696 -9.707079848 -104.2755296)
(96.71450423 4.594433409 -114.8272571)
(-2.189231473 12.81400339 -14.16616578)
(130.5913203 10.05550688 7.363536951)
(44.29161062 -9.978629312 -49.81291837)
(123.9162221 9.981881673 18.30619964)
(27.9610099 4.535231239 -93.78092564)
(107.2871837 -12.90255406 -114.909157)
(8.644249818 9.892625237 -68.12342136)
(102.7691925 -11.47673457 -114.7607926)
(43.906783 10.03755584 -42.61165363)
(20.4987997 6.68143965 -92.4842712)
(41.77546609 9.139635071 -80.13932765)
(38.48000108 8.315484668 -86.70113492)
(115.1946663 9.837285043 28.38883414)
(76.79655385 9.587908832 45.09418987)
(99.06985033 -8.535370781 -114.7696458)
(95.01623579 9.830435079 42.86699163)
(105.8867449 9.69527191 36.75776766)
(135.0692289 10.00813311 -4.737019068)
(137.0957473 9.957019684 -17.40413341)
(136.1973302 10.10153767 -30.53041539)
(132.4051682 10.19906619 -43.22282909)
(126.752311 9.975669261 -55.69704577)
(121.6715306 9.821980388 -68.98607259)
(118.7694376 9.957151745 -83.5061378)
(117.6898078 9.808135212 -99.19847678)
(-6.429535873 11.2982642 -14.54783196)
(113.8039099 12.05967779 -105.6109741)
(3.781424838 -12.38152708 -36.18446531)
(3.48735973 -12.44814959 -44.18219138)
(3.220967904 -12.5176027 -52.11170285)
(3.396987172 -12.49806915 -60.24825758)
(4.046655162 -12.42639877 -68.52916863)
(5.554212528 -12.27222561 -76.88700541)
(8.888569539 -11.97183119 -85.84589931)
(14.06123369 -11.38666226 -92.68230671)
(48.71124027 -12.60106133 -38.86574299)
(113.3105992 12.58194823 -86.52564449)
(26.21725196 -6.704461343 -95.01305338)
(47.35579143 12.64644876 -17.93448699)
(48.29179405 12.63476912 -31.70833126)
(47.79154592 12.6430785 -24.71645452)
(48.19889791 -12.612834 -31.66470042)
(47.74041634 -12.63174797 -24.66105777)
(47.33319894 -12.64388929 -17.72883706)
(47.06042604 -12.6508456 -10.90867417)
(47.0204354 -12.65180989 -4.20753778)
(47.32281428 -12.63793139 2.340659909)
(48.04279566 -12.59796701 8.702303235)
(49.35556194 -12.54699771 14.84229238)
(51.46471314 -12.50413147 20.68901606)
(54.49525142 -12.50323794 25.90203871)
(58.38610451 -12.52525503 30.37330909)
(62.82299953 -12.49076598 34.17817733)
(67.71193708 -12.44818599 37.1668045)
(72.91636918 -12.39415743 39.3179218)
(78.18516959 -12.295377 40.67877388)
(83.80351229 -12.26010656 40.96980179)
(89.29552453 -12.40565027 39.78182822)
(94.6607617 -12.51227826 37.63045927)
(99.65587752 -12.56746254 34.65193438)
(104.2886229 -12.56563953 31.2301178)
(108.7274741 -12.54263304 27.50760344)
(112.9898949 -12.52841303 23.48391743)
(117.0077806 -12.52577633 19.13908618)
(120.7051569 -12.53184077 14.46333276)
(123.989682 -12.53961381 9.47143681)
(126.7809965 -12.53661301 4.194999077)
(129.0325961 -12.52443735 -1.325256427)
(130.7181633 -12.51461858 -7.048535552)
(131.8011247 -12.51725834 -12.93419099)
(132.2335725 -12.53868851 -18.92756012)
(131.9578725 -12.5791617 -24.96338317)
(131.0587234 -12.5974983 -30.96423586)
(129.5449165 -12.59528327 -36.85482235)
(127.4751735 -12.58046277 -42.64147908)
(125.0310386 -12.53877801 -48.35093706)
(122.4397082 -12.4441239 -54.07739293)
(119.9645857 -12.36533467 -59.98261301)
(3.107522047 12.56189674 -57.52894355)
(16.96819856 9.9079206 -92.8419696)
(124.6585084 12.57553688 8.04743401)
(4.380273717 12.20803329 -27.54987874)
(30.83906851 6.129095098 -93.34345655)
(48.91080143 12.52902533 13.57176485)
(49.09179941 -12.47448086 -69.20882972)
(5.013418538 11.98313618 -20.20156033)
(120.4960631 12.55037664 -57.20261233)
(96.09854192 -2.315523168 -109.3184362)
(49.36943294 12.48893453 -61.69421512)
(0.3634549753 12.99442922 -18.58513085)
(91.02132497 12.45684941 39.16271046)
(24.31993722 5.9133386 -94.24151799)
(4.091104278 12.54705066 -73.16532026)
(48.76817293 12.39043245 -69.9084767)
(39.17297678 -10.9355288 -91.29615319)
(2.951859963 12.58962624 -49.91103053)
(48.78377815 12.61935922 -38.85640185)
(60.43329337 12.46407578 32.49689078)
(112.87593 -12.55360177 -92.95067771)
(74.77266522 12.16992496 40.45613248)
(47.82762535 -12.38750611 -77.41702841)
(130.6052393 12.61214136 -32.77389585)
(101.1763463 12.28460706 34.74355079)
(100.9802654 -10.31476215 -109.1443848)
(96.18097853 12.3530582 37.49427607)
(113.4727162 12.63505548 22.39708613)
(115.9299006 12.53041569 -71.11835377)
(129.4687372 12.55406234 -3.012593118)
(131.9624319 12.53074841 -14.66828367)
(131.8426379 12.56457737 -26.75897179)
(123.3504374 12.6290859 -50.8733517)
(-3.904505466 12.40704209 -19.59177429)
(117.9387745 12.51936779 -63.99658712)
(126.1621697 12.66426899 -44.80761544)
(37.62355047 10.62820604 -92.58517859)
(114.4384847 12.54961558 -78.60620893)
(121.3533275 12.59465776 13.1531542)
(45.04195769 -12.30138632 -86.24717433)
(85.696801 12.40318876 40.38905846)
(80.3069734 12.22480481 41.06152394)
(-8.004271407 10.26418158 -20.09970834)
(49.53051765 -12.53433897 -61.32090095)
(117.4276857 12.6549986 17.86432256)
(30.06336779 -8.558225776 -95.6105974)
(109.6110955 12.50145971 26.89646208)
(49.20642378 12.59619598 -46.21616615)
(-12.79889102 -2.431908418 -20.39072345)
(49.49199907 -12.56917012 -53.65578353)
(112.28171 12.65822462 -95.7960892)
(115.0062843 -11.46761493 -110.253724)
(28.07552188 7.247368885 -95.18096261)
(32.28572941 8.98455335 -94.87917822)
(4.479315642 -12.1680861 -28.41724641)
(19.21092331 -10.85885614 -96.55330765)
(49.16758197 -12.58633276 -46.21035508)
(97.77875609 6.746276313 -109.2653081)
(46.88947246 12.62290318 -4.870911991)
(21.39586891 9.317004013 -95.67330327)
(100.9143377 10.26290612 -109.0287658)
(116.0399745 -12.40851838 -72.5410403)
(117.8082953 -12.36331798 -66.13457598)
(110.0242935 -12.95011535 -109.818073)
(12.87217294 10.88422344 -89.37852379)
(96.10522316 2.352972193 -109.3342167)
(2.851239545 12.62620732 -42.26760017)
(3.420535879 12.54580821 -65.24819704)
(50.72940065 12.49440123 19.14260922)
(105.2394086 -12.4762586 -109.2051899)
(3.38093702 12.50698776 -34.79690335)
(127.3712089 12.56441445 2.606047531)
(97.77771021 -6.744654507 -109.2714601)
(47.19721394 12.26215403 -78.66904555)
(105.0078169 12.40465578 -108.7810329)
(5.490592224 12.57193518 -81.15006007)
(49.4491614 12.55610689 -53.81487174)
(43.48598417 11.86483824 -87.07951523)
(35.44649112 -11.50288786 -96.7209634)
(112.8250656 -12.46524124 -99.62824494)
(-11.15127231 6.727896092 -20.28116801)
(64.84071321 12.41283142 35.7734031)
(47.03142524 12.641052 -11.31626882)
(47.68630731 12.55299954 7.687046575)
(47.04108105 12.58653428 1.489809942)
(69.65443212 12.30195224 38.5060202)
(131.0029063 12.54200846 -8.793655629)
(5.316295568 -11.8504507 -20.45019086)
(22.88399954 -8.220798396 -95.30337622)
(132.1962101 12.55759506 -20.69075633)
(105.5066102 12.38325552 31.03459278)
(128.628422 12.65449292 -38.8280376)
(-7.886336917 -10.35605853 -20.35792688)
(-12.82442759 2.29151565 -20.33063772)
(0.5590117138 -12.98714167 -18.92778395)
(-3.771111969 -12.44866459 -19.94772427)
(109.3866949 12.99068938 -108.9863678)
(114.6340231 -12.47163092 -79.15415811)
(113.5792265 -12.52548371 -85.96792086)
(-11.08152629 -6.843148432 -20.39888782)
(56.37869558 12.39787605 28.87096285)
(14.5466688 -12.90356214 -99.98496975)
(54.64910676 -12.76370315 -42.43115018)
(-2.439373339 -12.82047823 -48.83463912)
(-2.36403258 -12.82576294 -57.33352132)
(-1.963897133 -12.84268104 -66.09220507)
(-0.8687150989 -12.8807975 -75.00068386)
(1.695179871 -12.91479612 -85.2317454)
(7.499107378 -12.99888155 -94.53602793)
(26.51182273 -9.039935877 -96.81061259)
(55.14535827 -12.80690686 -65.88065454)
(55.16136279 12.80945669 -57.99052747)
(16.79853453 11.91534362 -97.15182292)
(122.071644 12.72387276 -40.16256412)
(53.67400247 -12.73543523 -27.80386281)
(53.20688727 -12.72809577 -20.87861061)
(52.86244387 -12.71978648 -14.14753404)
(52.66470982 -12.72205049 -7.555800023)
(52.76390574 -12.72920971 -1.165187177)
(53.15005406 -12.76895627 4.952168001)
(53.82122005 -12.84525656 10.76463292)
(55.01387224 -12.92223174 16.3919192)
(57.39341219 -12.9290681 21.3528144)
(60.63569384 -12.90189902 25.37618157)
(64.645808 -12.90158206 29.08233199)
(68.67774036 -12.92801798 31.9308234)
(73.22243014 -12.94886335 34.10477967)
(77.83559141 -12.95744338 35.31156598)
(81.98057876 -12.99995754 36.72138677)
(86.48311682 -12.97247501 35.50525704)
(91.25186388 -12.93666921 33.8251363)
(95.81665901 -12.84604028 30.78856798)
(99.87231278 -12.79719994 27.56777141)
(103.9132186 -12.80719763 24.23968213)
(107.9112897 -12.82850534 20.68016367)
(111.723718 -12.84400719 16.83827949)
(115.2622134 -12.85073041 12.67799926)
(118.4355857 -12.85146677 8.206474654)
(121.1634156 -12.85386888 3.458342799)
(123.3954384 -12.86262531 -1.510546002)
(125.1304586 -12.87406859 -6.659941705)
(126.3260534 -12.88002233 -11.98042894)
(126.9130768 -12.87367844 -17.43277093)
(126.8387596 -12.85280026 -22.94333759)
(126.1174034 -12.82850926 -28.44020348)
(124.7798072 -12.8122851 -33.88987856)
(122.8681824 -12.80302702 -39.28949819)
(120.5137866 -12.80407627 -44.6556496)
(117.9656365 -12.83752022 -50.08820805)
(115.5042349 -12.88148755 -55.76200866)
(11.64511659 12.57529338 -94.42231683)
(52.73759041 -12.82892849 -83.0691348)
(-1.575693906 -12.92004761 -32.14258909)
(53.01451774 12.39806059 24.28701088)
(54.35259887 -12.83752236 -74.35329707)
(54.82709225 12.87515585 14.82393807)
(96.82246397 -4.590962685 -103.9064687)
(55.32198736 -12.77963955 -57.73067145)
(126.9237405 12.86845825 -23.39122687)
(125.0471978 12.84291376 -7.16777841)
(43.64070539 -12.93147696 -94.84484512)
(-1.272701498 12.69972598 -78.82250371)
(55.1150483 -12.7627655 -49.88423313)
(121.2150979 12.84129814 3.171609908)
(7.54419497 12.70655501 -88.5775346)
(113.6170984 12.77532601 -58.56737063)
(-1.991544195 12.78984804 -70.10311833)
(111.0006794 12.72690748 16.67985728)
(123.3989757 12.83970717 -1.951210502)
(116.427412 12.74932231 -51.9975374)
(-0.02649902279 12.99996884 -23.93777548)
(54.14031637 -12.75328197 -34.9069049)
(124.3855553 12.77511866 -34.49640853)
(109.4932897 12.7778243 -73.27566957)
(112.92214 -12.37953831 -105.4036312)
(-2.584186751 12.79371108 -54.2332564)
(126.9144443 12.87017325 -17.85807427)
(126.2217589 12.85364298 -12.48156609)
(42.52597374 12.96204742 -96.84563323)
(0.05442690103 -12.99949021 -24.60904279)
(-1.59207253 -12.92845048 -40.81289637)
(111.2302909 12.77489855 -65.75277202)
(119.3794813 12.7069701 -45.84406451)
(87.48166723 12.90310655 34.57637525)
(107.3434646 12.78082915 20.85474845)
(23.83189417 -10.59575398 -98.30518463)
(108.2437401 12.77809525 -81.06917836)
(118.3570897 12.82593458 8.031084394)
(126.0862349 12.83664429 -28.92144981)
(109.6920888 -12.85461966 -74.68394152)
(-2.742092614 12.76398368 -46.50579534)
(100.2184813 12.95972117 28.90179878)
(114.8348326 12.775879 12.51237806)
(-5.133739905 11.97205395 -25.32255417)
(54.75497938 12.74105378 -42.30519338)
(-2.428834401 12.7951189 -62.00734419)
(54.77695419 12.86309204 -66.41023492)
(103.9290376 12.90156356 25.07136735)
(65.80999034 12.89877804 29.8947196)
(34.11842654 11.83410932 -98.46924647)
(74.03173786 12.99486625 35.17731649)
(53.81481523 12.7076915 -27.91430382)
(95.98964739 0.01706781736 -103.7079101)
(50.8071592 -12.56098627 -91.87834624)
(96.81071546 4.562259111 -103.9440538)
(56.7015026 12.90136163 19.63449563)
(113.2765761 -12.89734782 -61.75702406)
(99.34985792 8.721968026 -103.7467659)
(28.6932847 10.20014047 -97.84325061)
(99.40213905 -8.779100549 -103.7366969)
(-3.272384532 12.63210846 -38.06511052)
(53.69698365 12.90756409 -75.5112363)
(103.2532514 11.6554451 -103.0232506)
(51.23084235 12.87807441 -86.79218392)
(28.6821242 -11.5341562 -99.94873454)
(52.49719635 12.77323734 -2.057599047)
(106.7136336 -12.74526283 -96.49397243)
(-9.38222999 9.071930577 -25.71846067)
(55.09356196 12.76817415 -50.01208967)
(52.64580128 12.72724666 -8.143608797)
(25.21992237 8.549105638 -96.27459659)
(-9.451903844 -9.00231784 -25.97296106)
(-1.305907829 12.94549521 -30.34655246)
(53.37981627 12.86739172 9.540540077)
(107.248432 12.74915197 -88.93919911)
(52.93595303 12.707188 -14.46147989)
(-13.07230103 0.04398545085 -25.85943473)
(-5.177365668 -11.95572859 -25.89424216)
(108.3484052 12.98292707 -102.9735606)
(0.6446713884 12.56439349 -87.83291663)
(96.78064695 12.99770311 32.25069674)
(82.64927373 12.96037675 35.66948381)
(58.2479954 12.98834393 24.08092623)
(103.3803372 -11.71944382 -103.1775246)
(107.4812813 -12.78724033 -88.55875044)
(53.3380997 12.7026508 -21.04808093)
(108.3980378 -12.81407429 -81.44054842)
(-12.16450089 -4.773875987 -25.90489242)
(62.05961547 12.89560829 26.7971623)
(54.30543249 12.72077477 -34.97620602)
(20.12241818 12.52872431 -101.3004409)
(78.16338606 12.99605416 36.74381394)
(69.67053787 12.96450368 32.88570479)
(-7.510351882 -10.6844255 -62.81047744)
(-7.11787837 -10.52526565 -72.21587769)
(-5.514119131 -10.43715312 -82.73213834)
(-1.569642536 -10.19135741 -94.57358526)
(60.69987347 -10.45779176 -62.10293761)
(50.4434357 11.63784102 -97.51010999)
(59.31348309 -10.4379274 -79.60554241)
(5.329667382 12.70295165 -95.95564499)
(111.3340189 -12.88709127 -68.10018219)
(59.79811743 10.85426632 -71.10655018)
(58.22134349 -10.34056439 -17.20124545)
(57.96716918 -10.31218847 -10.69608252)
(57.80578109 -10.40048908 -4.441863032)
(58.14211292 -10.40697547 1.633320613)
(58.52214701 -10.73429528 7.370069154)
(59.31682046 -11.11502517 12.6777539)
(59.93495167 -11.77319095 17.36436778)
(63.05625879 -11.30720029 20.71980963)
(66.59013373 -11.09533491 23.9961204)
(70.1869687 -11.25670164 26.89219931)
(73.43750932 -11.77523781 29.5579596)
(78.02871657 -11.40908228 30.09286565)
(82.87095274 -11.80752924 31.23799683)
(87.81162393 -11.84009359 30.62195031)
(91.38600316 -11.01794044 27.64998195)
(95.26384776 -10.60946921 24.50931059)
(99.11009865 -10.55151007 21.31481285)
(102.9758276 -10.70363373 18.11655061)
(106.6869377 -10.83946157 14.67961563)
(110.1070203 -10.93038287 11.00607638)
(113.2036831 -10.98112202 7.044026367)
(115.9027773 -11.00792557 2.78342438)
(118.0966187 -11.02944943 -1.698467917)
(119.8567153 -11.08918412 -6.322708914)
(121.1883768 -11.16938866 -11.0719954)
(121.9693727 -11.19042017 -16.0019227)
(122.1109399 -11.12679139 -21.01681607)
(121.5955107 -11.00120939 -26.02451205)
(120.5107284 -10.90708855 -31.01035199)
(118.8077977 -10.81873126 -36.03713803)
(116.5065118 -10.6843171 -41.05843069)
(113.8814775 -10.60942549 -46.11488552)
(111.3250094 -10.73316179 -51.50627225)
(12.48460804 12.98052373 -101.235013)
(60.3215489 -10.51130622 -70.74158626)
(120.7571783 10.9413542 -10.80454325)
(108.2258169 -12.97728283 -103.7000253)
(117.7744425 10.98115854 -1.136086913)
(-7.844355941 10.53214391 -58.47471571)
(40.93608576 -12.97273242 -101.1202154)
(52.61926175 12.83580666 3.832953433)
(58.37980455 10.22742955 -17.40667335)
(-12.12726301 4.864814492 -25.80362024)
(7.714506183 -11.2240528 -104.7928573)
(98.00183179 -6.697201821 -99.10320813)
(119.4906664 10.94234877 -5.931336125)
(92.24053159 12.91544879 33.22103826)
(118.5061973 10.58357884 -35.86901004)
(122.2923686 11.23498707 -20.50064097)
(121.6583472 11.02428299 -15.65675208)
(22.08958542 -12.57656949 -102.2247105)
(105.7147019 12.50238801 -96.42010894)
(60.51149663 10.48992964 -54.01846581)
(-7.733312337 -10.65107556 -53.89306488)
(102.5258912 10.42304541 -83.55088123)
(115.6144971 11.05621567 3.455101718)
(104.8253114 10.22870964 15.39506485)
(36.03960267 12.97484781 -104.4952076)
(59.32918059 10.25178098 -31.06881288)
(59.75969996 -10.35679219 -38.39012948)
(103.5508266 10.40034332 -75.81329992)
(-6.969862711 10.40947508 -74.88045693)
(24.4205564 10.94662213 -98.96206581)
(60.65748741 11.08190075 15.91028396)
(58.82594751 10.22728742 -24.09465323)
(18.26896056 -12.21984899 -109.0839121)
(105.177482 -10.79621413 -70.1693327)
(89.23473697 11.2125244 28.9222264)
(78.85885524 12.00226189 31.47469747)
(59.22559521 -10.33189323 -31.07582068)
(109.9388376 10.32731649 -53.15582267)
(-7.53379743 10.54932175 -66.4368042)
(-7.724381269 10.66380699 -51.03562415)
(58.44490413 10.86200598 -80.87021139)
(58.67562701 -10.33955441 -24.02959417)
(60.44351286 10.64129324 -62.40773895)
(59.82411609 10.30648316 -38.36820424)
(74.06098474 12.08912784 30.5588584)
(57.60119194 -9.994328063 -88.38109298)
(98.74589725 11.60891008 23.8998355)
(-7.963541784 -10.47538554 -44.8009785)
(60.24794561 10.38385699 -45.95446111)
(96.41041797 -2.386114564 -98.00548059)
(48.12875864 -11.44924037 -101.2906678)
(57.78546174 10.40711068 -5.161794444)
(-7.990729346 10.44928012 -43.74128971)
(107.0593749 10.23874752 -60.22807107)
(109.0378502 -10.86994724 -57.31050805)
(97.94707703 6.611947139 -99.19879789)
(58.05249796 8.934377927 -90.44973836)
(104.928294 10.26002137 -67.89447146)
(-6.763443825 11.17930377 -31.41300513)
(103.6612912 -10.59830342 -76.84080174)
(27.21289064 -12.96219572 -107.1274711)
(100.8891561 9.984546007 -97.56630722)
(113.0107839 10.28781517 -46.8368866)
(34.82559963 -12.99731234 -104.4921511)
(27.42744234 12.72950979 -103.4824323)
(63.0103704 11.36842292 20.8405293)
(-11.0669746 -7.026197658 -31.47156745)
(121.9463766 11.18574064 -25.63002064)
(58.63240453 11.23914066 11.19444568)
(115.9249587 10.33802272 -41.18155379)
(101.1260571 -10.17465317 -97.49845392)
(-7.400151119 -10.77822874 -31.71305069)
(107.0316418 -10.92886909 -63.58497232)
(112.4890099 10.87780086 7.778968059)
(108.6334214 10.35937931 11.49500652)
(58.04290712 10.26352386 -11.11415725)
(-12.86800896 2.589488589 -31.39035712)
(43.44670475 10.95645464 -107.0356314)
(70.80717433 11.39764978 27.52827373)
(96.424324 2.441764381 -97.93010651)
(120.5535393 10.86934587 -30.59406979)
(101.7282941 10.33049066 -90.8497569)
(-6.646929601 8.949746713 -85.06187223)
(-1.866896139 9.367526696 -96.04639425)
(60.61111289 -10.41178001 -53.8538293)
(94.37593784 11.55538527 27.01462419)
(84.08190016 11.41769088 30.38957432)
(-12.93282732 -2.252680547 -31.47937389)
(17.38189987 12.18088559 -108.8432843)
(-5.785834897 -11.73657346 -37.48348871)
(67.19987207 11.01002563 24.32916422)
(57.59053603 10.72948101 0.5295300011)
(101.4150187 10.73286584 19.62288222)
(101.953633 -10.49480604 -90.78463691)
(63.88359236 -5.727604305 -75.6782315)
(5.751040028 10.41852827 -104.5534575)
(115.0666596 7.297950388 -4.571875398)
(98.11944355 -6.37397447 -93.20952325)
(64.21820509 5.937421365 -49.85497859)
(57.57279751 11.16246392 5.919450889)
(61.7130543 -5.62222486 -7.621023824)
(61.90854115 -5.497943455 -1.355425346)
(62.17802014 -6.227348934 4.663027822)
(62.74777427 -7.271158452 10.14927055)
(63.89686365 -8.491689374 15.60138487)
(67.35476047 -8.043662521 19.95741313)
(71.25363105 -7.848023098 23.01545344)
(75.92563971 -8.33076955 25.7006932)
(81.52837593 -7.777463785 26.26233453)
(86.61260589 -8.860860354 26.64956623)
(90.6519699 -6.832629895 23.31642594)
(94.58371522 -6.02371476 19.97718442)
(98.59069699 -6.197607705 16.65969023)
(102.4706916 -6.936473201 13.55097095)
(105.887561 -6.993838931 9.926415061)
(108.8604429 -7.220470433 6.484178765)
(111.6566835 -7.42622133 2.620608958)
(113.82232 -7.367902641 -1.495790067)
(115.5996557 -7.438101596 -5.762288061)
(116.9986384 -7.61765003 -10.10048269)
(118.0575747 -7.913999476 -14.46315616)
(118.4381486 -7.851265504 -19.13179843)
(118.1751344 -7.580803139 -23.65724818)
(117.3463419 -7.285123506 -28.25895998)
(116.123491 -7.294939022 -32.93155928)
(114.0043294 -6.888698039 -37.77980233)
(111.3563926 -6.162187162 -42.43011521)
(108.6571281 -6.169814713 -47.63743645)
(105.0701673 5.523261455 -54.72235636)
(-8.138974266 -5.007976944 -88.96973663)
(25.57200789 -10.57478677 -113.7009036)
(60.24395493 -10.38421976 -45.89793029)
(-10.79112308 7.434079708 -31.21248454)
(30.22490263 10.77333098 -113.1448486)
(64.27660463 6.25668946 -66.96584837)
(102.5784139 -10.47682848 -83.73599935)
(64.42591513 6.105964732 -58.19632981)
(12.49316773 -7.73236941 -113.0497174)
(118.1056395 7.432219282 -18.54174436)
(98.39232969 5.90040342 -86.46080467)
(64.58827045 -5.785392813 -58.05374511)
(-11.80248081 6.009750565 -54.5911313)
(72.53985224 7.656635237 23.6267702)
(-10.33109645 -5.720389447 -78.71119755)
(113.203174 7.412041098 -0.1591727588)
(63.80382981 -5.79144916 -41.87440024)
(63.25173306 -5.790881184 -34.46460851)
(-9.09679809 9.471711193 -37.1997631)
(-11.22021666 -6.924434404 -58.80767395)
(99.22870413 5.856844083 -78.97003334)
(63.2790632 5.72314488 -34.3846497)
(64.43844955 -5.967542628 -66.75420557)
(0.1378625601 -6.018310053 -103.7695629)
(-11.66497444 -5.480238199 -67.57477305)
(64.19506561 -5.966757249 -49.69790911)
(63.6055178 6.236770984 -75.77583754)
(117.4140521 7.128383996 -13.93178509)
(-9.862192826 -8.695030832 -37.70305265)
(98.01650485 6.206579961 -93.37145962)
(102.2265611 -6.801566394 -65.90049005)
(61.54104359 6.157310231 -2.014973067)
(55.21232757 -8.877586556 -96.74103811)
(-11.07352909 6.213061837 -70.59845674)
(-11.20810191 7.046167113 -47.94474348)
(41.66543107 -11.27538114 -107.6913871)
(106.1615154 -6.400112373 -53.2603621)
(100.3912976 -6.107644965 -72.52720852)
(102.0916121 4.890704172 -62.65435776)
(116.1973669 6.975380667 -31.99221053)
(20.13450489 -6.531162692 -116.7163458)
(62.46864171 -5.271845861 -84.51659032)
(-5.042073929 -3.500866639 -97.54289386)
(-10.40535762 5.77110693 -78.10534713)
(108.1092217 5.683105054 -48.16961679)
(63.78520737 5.829937409 -41.88380007)
(33.96669516 -10.67241679 -112.4607977)
(65.49823168 7.110348663 16.34416213)
(62.66874616 -5.833549879 -27.28237634)
(118.908301 8.447368726 -22.76414413)
(116.485295 7.211734935 -9.214342581)
(5.892361086 -2.743606231 -111.3642743)
(63.07280321 7.674984468 12.05947034)
(-12.24583602 -5.013088157 -43.06159099)
(68.76898123 6.849610415 20.20180583)
(61.79814765 -5.816391343 -13.8148712)
(111.3121807 7.964816505 3.910579665)
(90.28788174 7.25243289 23.8341048)
(61.63155409 5.791787142 -7.762196057)
(-11.93432255 -5.778220462 -51.08446714)
(-12.08606774 5.221955494 -36.13848804)
(-13.20200808 0.3425517303 -38.4790591)
(61.87615491 5.674729477 -13.99167413)
(62.74822152 5.659622226 -27.1980386)
(62.26633591 5.637200765 -20.43003247)
(-11.58187317 6.131777933 -62.48703918)
(95.49072977 7.359094451 20.27675507)
(62.14956122 -5.863873529 -20.35951004)
(103.5704554 4.747241658 10.79925683)
(-12.34809469 -4.590027957 -36.53594451)
(113.9207506 6.274639527 -37.05252536)
(81.04117505 8.359823705 26.70274286)
(61.3882489 7.195892234 3.294132326)
(76.01006672 9.564727197 26.96171206)
(104.1298515 -6.799466221 -59.31005681)
(65.83509203 0.2536914427 -54.05276255)
(-13.25095271 0.9152872695 -47.92515799)
(111.3966425 -0.2179883232 -38.78491979)
(62.26779625 6.188570421 -83.43907105)
(63.0102742 0.1725272984 -4.259347773)
(63.40839911 0.5955385813 2.026431276)
(64.29605442 -1.696875511 7.761314656)
(65.68094589 -3.243443487 12.95717059)
(90.61293902 -0.1544954185 21.06047345)
(95.55702211 0.1121365705 17.24069544)
(99.59745391 -0.7249220863 13.59655351)
(103.1776749 -2.34385398 10.21499945)
(106.0575626 -0.6794060895 6.55999556)
(108.8787664 -3.034190247 3.30032174)
(111.0288528 -2.511962894 -0.4779389542)
(112.9588542 -2.545784275 -4.639023075)
(114.4355662 -2.696487748 -8.920735412)
(115.4912786 -3.04794891 -13.14960597)
(116.3079379 -4.059459797 -17.02736555)
(116.0918862 -2.577212675 -20.9528701)
(115.7048063 -2.211373922 -25.69632242)
(114.840894 -2.562428645 -30.279858)
(113.5326738 -3.021652256 -34.62622546)
(65.40420073 0.1398651507 -45.44823153)
(65.61678343 0.3871028985 -71.60637724)
(55.53397043 7.524217902 -98.41154243)
(100.4006344 5.62438896 -71.17184279)
(52.73851065 -6.585715942 -103.6168644)
(-0.7505671587 3.189607603 -104.3854536)
(97.36346614 0.06893524096 -82.65213363)
(-10.60900974 1.085150201 -83.80384544)
(117.7216791 7.506072858 -27.05389393)
(96.61788728 0.1821758381 -90.70899945)
(-12.26897163 0.1731224206 -74.49043036)
(65.97198376 0.3402040035 -62.34856334)
(64.888357 -0.01742258877 -38.01064529)
(73.39746301 1.716367787 21.3750219)
(99.49980786 5.815842009 15.5534986)
(103.2269385 -0.7576771706 -56.14975564)
(-13.21647851 -0.5082053209 -58.380296)
(51.32212837 7.293513222 -104.6474505)
(85.8704952 8.375564038 26.3750204)
(111.1003673 5.726011713 -42.43935079)
(98.37480814 -0.1013444237 -75.2457295)
(63.34339157 -0.09231913957 -17.07115444)
(108.5481475 -0.1972880414 -44.47073319)
(107.7488165 6.313229535 7.027868006)
(-7.265506362 2.917896765 -93.19322472)
(62.44796222 1.571795741 -88.3411232)
(59.35307937 2.573343742 -95.78091406)
(68.46723571 1.168432431 17.04308663)
(99.73940237 -0.64770038 -68.15485962)
(-12.87815123 1.144611428 -66.7347991)
(46.92265382 3.778957748 -111.2252489)
(64.54237556 0.4743190275 -80.15546689)
(64.31599211 -0.08253883266 -30.62955335)
(101.4105262 -2.118048126 -62.19404752)
(60.17392795 -4.247322656 -92.81282585)
(61.18158472 8.528434766 7.955857282)
(67.43141256 -4.490599562 16.90134921)
(74.65798691 -3.862047606 22.57544022)
(79.62368444 -1.835782342 23.6290641)
(105.7107304 -0.3197795077 -50.13742612)
(-11.91245103 5.726736663 -41.99779352)
(28.7772724 -5.363122773 -117.9027163)
(112.0721684 2.623798221 -2.52778069)
(47.54904966 -5.824553553 -109.6558037)
(115.7669394 1.694489494 -17.0318324)
(85.86773788 -3.608724128 23.76729124)
(98.37195612 -5.85716044 -86.44328037)
(39.66753121 6.520832103 -114.3504752)
(99.19916622 -5.902270546 -79.35864838)
(18.27599358 7.093255455 -115.8888257)
(77.93480378 4.61689953 24.02232646)
(52.66251645 -0.4847153042 -106.5079693)
(63.04923334 0.01414232498 -10.5478623)
(55.744763 2.969067386 -101.9368278)
(14.17297548 -0.3823739249 -116.6635723)
(113.8582938 2.51342146 -7.149983116)
(63.78519438 -0.09752817435 -23.70476206)
(9.034551109 5.963761844 -112.2479397)
(115.0799851 2.300491615 -11.86660158)
(56.91026474 -2.738771629 -100.2148901)
(70.73828369 -3.397082907 19.94224404)
(23.60631364 1.376698685 -118.9532456)
(109.4461583 2.741657343 2.313902795)
(113.786604 1.960970983 -33.32086693)
(63.65504045 4.079859575 7.415688986)
(116.2405638 3.386882021 -22.66109021)
(35.96862968 -4.805451971 -116.7147306)
(40.81517133 -7.309460564 -113.2161533)
(84.60989879 3.064041347 23.8667997)
(65.56335485 2.702963841 12.34936725)
(115.3510334 2.667208343 -28.24931577)
(41.49173608 -0.6993745713 -115.380882)
(33.72710547 1.825921559 -118.1624975)
(122.0359419 7.946647554e-15 -128.8902139)
(121.254604 4.439580651 -128.9083213)
(119.0052707 8.344469286 -128.960449)
(115.560012 11.2455027 -129.0402921)
(111.3344866 12.79575803 -129.1382177)
(106.8366652 12.81188343 -129.2424537)
(102.6051255 11.29480945 -129.3405187)
(99.1146534 8.39265803 -129.4214096)
(96.85138197 4.512100446 -129.4738604)
(96.04379173 0.09318639446 -129.4925761)
(96.78799551 -4.336932402 -129.4753293)
(98.9956788 -8.249819089 -129.4241668)
(102.4043647 -11.17798141 -129.3451713)
(106.8376234 -12.81204825 -129.2424315)
(111.3354581 -12.79558366 -129.1381952)
(115.5606522 -11.24513128 -129.0402773)
(119.0054632 -8.344239253 -128.9604446)
(121.2546359 -4.439492787 -128.9083205)
(117.7247909 1.035493776 -128.9901239)
(116.6104532 6.29683172 -129.0159484)
(112.0004504 8.706510223 -129.1227842)
(107.1379534 10.21116271 -129.2354714)
(102.9609809 7.048328031 -129.3322718)
(99.59030867 3.318787228 -129.4103864)
(100.5376696 -3.159024193 -129.3884315)
(103.7154202 -8.220563257 -129.3147878)
(109.4748915 -8.766030653 -129.1813134)
(114.5710734 -8.480743634 -129.0632106)
(118.2192924 -4.172610886 -128.9786639)
(113.0748867 -3.68749455 -129.0978843)
(107.6280571 5.908465665 -129.2241134)
(104.6138792 1.831222754 -129.2939663)
(106.8158922 -3.546378247 -129.2429351)
(111.5148975 2.377659141 -129.1340367)
(115.5575793 -4.377039514 -124.648079)
(114.2285258 5.007606075 -123.8910829)
(46.79827716 -4.152881308 6.651984727)
(7.877154449 -1.821891161 -5.531437157)
(5.575383666 -2.788989457 -13.64834466)
(10.64882643 -0.782475048 -91.00924633)
(0.5617009466 -3.534390858 -89.7254466)
(0.861776543 0.2936551608 -67.82951755)
(16.51520906 -1.022284792 -93.31899295)
(12.2669601 1.497778329 -103.9488363)
(19.71647315 -2.077038851 -100.64945)
(31.48741279 6.080165236 -101.1289089)
(25.54325556 6.419520393 -104.0154609)
(29.37374611 0.7063025918 -99.68265813)
(25.05641127 -0.3593595434 -101.0096962)
(21.13345414 -1.712167294 -108.5113525)
(46.47529503 1.080382201 -86.95983931)
(36.62541959 4.453171573 -97.44044456)
(37.9085626 -0.6773527153 -92.33848348)
(46.51025488 -1.822035962 -98.80187336)
(35.1463646 -4.081693646 -100.94826)
(36.65620451 -2.012994439 -109.6103125)
(28.48258941 -7.247357621 -107.3423861)
(27.76780704 -2.447216057 -96.33887804)
(29.26087619 -0.004682976077 -107.8090156)
(111.0628499 0.7679654026 -91.83163668)
(107.0755263 0.7516431915 -81.34952239)
(3.800512647 -1.235919241 -42.62811453)
(51.51763707 0.2000691508 -34.66874302)
(0.8319814183 0.2160741475 -54.64302094)
(53.21122035 2.340205068 -65.79772853)
(52.71475848 0.6381594951 -54.82206651)
(29.28714087 2.346899707 -95.8796952)
(25.57522885 5.074929678 -98.03328262)
(10.97200023 6.659162202 -95.26886805)
(15.24077388 -6.778094002 -99.48864501)
(51.45954313 -0.1555074477 -44.96133282)
(52.21559813 1.472442449 -23.60585783)
(47.99013866 -3.913942002 -13.82112586)
(54.25519173 -2.666314107 -3.421451662)
(32.33462209 -1.87768572 -95.35307986)
(27.26749054 -5.870193375 -101.0158658)
(3.541975206 6.679600615 -87.92020331)
(20.36527153 0.611537873 -94.44665744)
(24.17649386 -0.6799618917 -96.15879135)
(20.67978495 4.342679877 -100.9640595)
(17.08829463 5.668408241 -96.49408011)
(22.35703454 3.854955205 -95.63124321)
(20.0025025 -4.283813616 -95.27061494)
(23.11790531 -5.586761182 -97.81709216)
(47.68197132 -2.072822458 -70.97988581)
(46.55562416 -5.438364842 -25.40939832)
(55.45614555 -6.153874719 2.169454133)
(106.9721305 6.812363768 -125.1462745)
(101.4198324 -1.341188871 -124.47746)
(108.2597191 -7.550459825 -123.6413197)
(0.5224436581 -6.987154336 -5.525510726)
(-7.435685142 -0.06334768009 -7.934592471)
(-2.284367973 6.458914866 -6.521184611)
(5.329452955 6.132238028 -5.241238751)
(0.6257441392 -0.2958804248 -6.333729828)
(-3.055301682 -6.721915036 -10.82176168)
(6.051608077 0.4471069135 -81.92049421)
(44.63627148 1.607272249 -1.91194214)
(81.10431944 3.164022489 41.349241)
(132.2038265 1.165556616 -3.349215996)
(121.1070633 3.963502179 -55.78582271)
(117.596817 2.681814316 -68.83219997)
(108.9054068 -0.6160385101 -125.3401099)
(107.366504 7.244123327 -119.1168426)
(109.1040417 0.08875513403 -120.1766695)
(109.4088052 -7.059230705 -117.716488)
(-2.896712661 5.226018969 -16.51200788)
(102.014788 0.6294808729 -118.9263074)
(-1.852673213 -6.878941949 -17.43633132)
(4.62504306 4.271782553 -10.9817933)
(115.0921079 -4.880827591 -87.0316879)
(113.7303421 -7.527217353 -79.33234835)
(117.4008153 0.936644491 -78.83965437)
(104.9815034 3.144121375 -109.5331603)
(5.668392217 2.828623953 -23.42570009)
(109.6769364 -5.975736638 -109.4731499)
(-2.498954101 -4.337003361 -25.22066188)
(47.387594 -6.971442394 -1.647953674)
(57.50204757 0.3260666048 23.56491734)
(53.23031756 -5.130033231 15.69218448)
(78.75349844 -6.399676694 37.33322253)
(68.53288376 -0.05476949028 32.70857723)
(85.91818331 -6.455055482 39.17929766)
(94.6404269 -3.634811079 39.72147142)
(99.03683868 -5.288963588 31.25007475)
(104.6591265 1.247249101 27.24872217)
(110.9148069 -0.9107951818 20.12142963)
(117.208675 0.1651983889 12.36791868)
(122.1363138 -1.68209311 3.45737472)
(129.1683347 -6.008047239 -7.985695515)
(127.1043887 -6.599360513 -15.92911441)
(128.7732773 -7.45552385 -22.99201436)
(128.6859043 -5.810860996 -29.69686541)
(125.7509863 -0.3573927565 -37.49898018)
(124.0464505 -0.4328570226 -46.94752987)
(115.6959756 -4.198704597 -58.73136558)
(115.3063942 -3.050151941 -48.78651896)
(111.9888906 -5.46505067 -72.71580577)
(87.96765111 -3.245547547 30.62579118)
(107.1748448 -5.997436113 -100.5069023)
(103.8617401 1.292820302 -98.51090819)
(97.17504877 5.937237518 32.83631202)
(113.5511873 -6.932759756 -65.36475962)
(52.12287219 4.030669338 -13.56543541)
(53.53822539 5.349932502 -3.717958287)
(55.6517723 -5.824582843 8.327487255)
(-1.779688624 3.11570727 -31.86669072)
(114.9408163 -0.09785892649 -102.1855776)
(123.7673371 6.620515933 -24.43989105)
(131.7734611 4.392441413 -25.06513244)
(122.7638971 -1.801907561 -22.51291522)
(123.6964548 4.763078772 -17.32262073)
(79.25601064 5.668931177 33.24198319)
(121.4911445 -3.373396294 -9.996837034)
(88.69699468 6.455095594 35.10011431)
(53.51299837 4.984554744 9.827207814)
(108.6202771 1.975189215 -65.97234623)
(125.5187734 6.206179198 -9.908322239)
(120.2283627 -1.966312117 -16.67613719)
(133.8909601 1.082603846 -15.90148853)
(-5.998586846 0.9807233707 -40.33310175)
(121.4048739 1.849074108 -30.68882843)
(121.1409571 4.371235295 -3.426843683)
(115.9706913 -0.1681971344 -118.1752575)
(8.197394218 6.712690894 -2.586577694)
(0.3256627573 -6.952449072 -79.85882648)
(-7.193959984 -6.053016902 -3.374109647)
(98.95701944 -3.270997771 -127.1740738)
(50.69800476 -7.667453757 -82.08510136)
(-3.649266585 -6.362723899 -36.44919262)
(2.65454982 -10.05347774 -2.596233974)
(115.9783322 8.154607249 -126.7308646)
(101.4082417 4.970540598 -126.2879876)
(57.82925125 7.587340466 -79.15534582)
(106.9956065 -10.24727034 -126.9158227)
(113.1494796 -9.089444316 -126.6150442)
(38.81168051 4.748935984 -104.9628734)
(-7.051510264 6.64089315 -3.110404914)
(-1.107440003 9.950659636 -2.917668255)
(57.7774954 -6.149936673 -73.02539796)
(119.1602977 -3.386994445 -126.774888)
(107.4420473 10.78308737 -127.0024129)
(40.84950959 5.989417003 -79.05486172)
(8.064520708 -4.097591515 -75.37848166)
(0.7995825946 7.255127377 -77.39767976)
(98.36817579 1.958698223 -127.1020355)
(102.1057375 -6.65840311 -126.4880535)
(8.641970883 2.895815119 -2.764658392)
(-9.739041062 0.4681491425 -3.228945632)
(-2.247991823 -10.20645228 -2.67708619)
(118.5058988 4.361654919 -126.843259)
(6.351338297 -7.170296502 -3.533884322)
(111.8089844 9.849362758 -126.9113644)
(56.81272084 6.802302118 -85.76349703)
(44.43118099 -5.711246112 -77.41181149)
(55.610414 0.7610987758 -80.85858242)
(58.16538259 8.64058245 -75.32034351)
(54.1189059 10.1675322 -82.14872473)
(45.79508912 8.575377744 -73.87464179)
(50.31127177 -3.280246343 -78.36496926)
(51.91367422 6.817072916 -83.41491338)
(54.83622145 5.501764901 -74.37621181)
)


// ************************************************************************* //
